  -6.0568e-03
   9.5473e-01
  -3.3072e-02
  -1.7432e+01
  -4.8371e-02
  -3.5820e+01
  -6.3669e-02
  -5.4207e+01
  -7.8968e-02
  -7.2594e+01
  -9.4267e-02
  -9.0981e+01
  -1.0957e-01
  -1.0937e+02
  -1.2486e-01
  -1.2776e+02
  -1.4016e-01
  -1.4614e+02
  -1.5546e-01
  -1.6453e+02
  -1.7076e-01
  -1.8292e+02
  -1.8606e-01
  -2.0130e+02
  -2.0136e-01
  -2.1969e+02
  -2.1666e-01
  -2.3808e+02
  -2.3195e-01
  -2.5647e+02
  -2.4725e-01
  -2.7485e+02
  -2.6255e-01
  -2.9324e+02
  -2.7785e-01
  -3.1163e+02
  -2.9315e-01
  -3.3001e+02
  -3.0845e-01
  -3.4840e+02
  -3.2375e-01
  -3.6679e+02
  -3.3905e-01
  -3.8518e+02
  -3.5434e-01
  -4.0356e+02
  -3.6964e-01
  -4.2195e+02
  -3.8494e-01
  -4.4034e+02
  -4.0024e-01
  -4.5872e+02
  -4.1554e-01
  -4.7711e+02
  -4.3084e-01
  -4.9550e+02
  -4.4614e-01
  -5.1389e+02
  -4.6143e-01
  -5.3227e+02
  -4.7673e-01
  -5.5066e+02
  -4.9203e-01
  -5.6905e+02
  -5.0733e-01
  -5.8743e+02
  -5.2263e-01
  -6.0582e+02
  -5.3793e-01
  -6.2421e+02
  -5.5323e-01
  -6.4260e+02
  -5.6853e-01
  -6.6098e+02
  -5.8382e-01
  -6.7937e+02
  -5.9912e-01
  -6.9776e+02
  -6.1442e-01
  -7.1614e+02
  -6.2972e-01
  -7.3453e+02
  -6.4502e-01
  -7.5292e+02
  -6.6032e-01
  -7.7131e+02
  -6.7562e-01
  -7.8969e+02
  -6.9091e-01
  -8.0808e+02
  -7.0621e-01
  -8.2647e+02
  -7.2151e-01
  -8.4485e+02
  -7.3681e-01
  -8.6324e+02
  -7.5211e-01
  -8.8163e+02
  -7.6741e-01
  -9.0002e+02
  -7.8271e-01
  -9.1840e+02
  -7.9801e-01
  -9.3679e+02
  -8.1330e-01
  -9.5518e+02
  -8.2860e-01
  -9.7356e+02
  -8.4390e-01
  -9.9195e+02
  -8.5920e-01
  -1.0103e+03
  -8.7450e-01
  -1.0287e+03
  -8.8980e-01
  -1.0471e+03
  -9.0510e-01
  -1.0655e+03
  -9.2040e-01
  -1.0839e+03
  -9.3569e-01
  -1.1023e+03
  -9.5099e-01
  -1.1207e+03
  -9.6629e-01
  -1.1390e+03
  -9.8159e-01
  -1.1574e+03
  -9.9689e-01
  -1.1758e+03
  -1.0122e+00
  -1.1942e+03
  -1.0275e+00
  -1.2126e+03
  -1.0428e+00
  -1.2310e+03
  -1.0581e+00
  -1.2494e+03
  -1.0734e+00
  -1.2678e+03
  -1.0887e+00
  -1.2861e+03
  -1.1040e+00
  -1.3045e+03
  -1.1193e+00
  -1.3229e+03
  -1.1346e+00
  -1.3413e+03
  -1.1499e+00
  -1.3597e+03
  -1.1652e+00
  -1.3781e+03
  -1.1805e+00
  -1.3965e+03
  -1.1958e+00
  -1.4149e+03
  -1.2111e+00
  -1.4332e+03
  -1.2264e+00
  -1.4516e+03
  -1.2417e+00
  -1.4700e+03
  -1.2570e+00
  -1.4884e+03
  -1.2723e+00
  -1.5068e+03
  -1.2876e+00
  -1.5252e+03
  -1.3029e+00
  -1.5436e+03
  -1.3182e+00
  -1.5620e+03
  -1.3335e+00
  -1.5803e+03
  -1.3488e+00
  -1.5987e+03
  -1.3641e+00
  -1.6171e+03
  -1.3794e+00
  -1.6355e+03
  -1.3947e+00
  -1.6539e+03
  -1.4100e+00
  -1.6723e+03
  -1.4253e+00
  -1.6907e+03
  -1.4406e+00
  -1.7090e+03
  -1.4558e+00
  -1.7274e+03
  -1.4711e+00
  -1.7458e+03
  -1.4864e+00
  -1.7642e+03
  -1.5017e+00
  -1.7826e+03
  -1.5170e+00
  -1.8010e+03
  -1.5323e+00
  -1.8194e+03

   6.4561e-03
   2.7969e-01
  -9.8542e+00
  -6.7110e+03
  -1.9711e+01
  -1.3422e+04
  -2.9569e+01
  -2.0134e+04
  -3.9426e+01
  -2.6845e+04
  -4.9283e+01
  -3.3556e+04
  -5.9140e+01
  -4.0268e+04
  -6.8998e+01
  -4.6979e+04
  -7.8855e+01
  -5.3690e+04
  -8.8712e+01
  -6.0401e+04
  -9.8569e+01
  -6.7113e+04
  -1.0843e+02
  -7.3824e+04
  -1.1828e+02
  -8.0535e+04
  -1.2814e+02
  -8.7247e+04
  -1.3800e+02
  -9.3958e+04
  -1.4786e+02
  -1.0067e+05
  -1.5771e+02
  -1.0738e+05
  -1.6757e+02
  -1.1409e+05
  -1.7743e+02
  -1.2080e+05
  -1.8728e+02
  -1.2751e+05
  -1.9714e+02
  -1.3423e+05
  -2.0700e+02
  -1.4094e+05
  -2.1686e+02
  -1.4765e+05
  -2.2671e+02
  -1.5436e+05
  -2.3657e+02
  -1.6107e+05
  -2.4643e+02
  -1.6778e+05
  -2.5629e+02
  -1.7449e+05
  -2.6614e+02
  -1.8121e+05
  -2.7600e+02
  -1.8792e+05
  -2.8586e+02
  -1.9463e+05
  -2.9571e+02
  -2.0134e+05
  -3.0557e+02
  -2.0805e+05
  -3.1543e+02
  -2.1476e+05
  -3.2529e+02
  -2.2147e+05
  -3.3514e+02
  -2.2818e+05
  -3.4500e+02
  -2.3490e+05
  -3.5486e+02
  -2.4161e+05
  -3.6472e+02
  -2.4832e+05
  -3.7457e+02
  -2.5503e+05
  -3.8443e+02
  -2.6174e+05
  -3.9429e+02
  -2.6845e+05
  -4.0414e+02
  -2.7516e+05
  -4.1400e+02
  -2.8187e+05
  -4.2386e+02
  -2.8859e+05
  -4.3372e+02
  -2.9530e+05
  -4.4357e+02
  -3.0201e+05
  -4.5343e+02
  -3.0872e+05
  -4.6329e+02
  -3.1543e+05
  -4.7314e+02
  -3.2214e+05
  -4.8300e+02
  -3.2885e+05
  -4.9286e+02
  -3.3557e+05
  -5.0272e+02
  -3.4228e+05
  -5.1257e+02
  -3.4899e+05
  -5.2243e+02
  -3.5570e+05
  -5.3229e+02
  -3.6241e+05
  -5.4215e+02
  -3.6912e+05
  -5.5200e+02
  -3.7583e+05
  -5.6186e+02
  -3.8254e+05
  -5.7172e+02
  -3.8926e+05
  -5.8157e+02
  -3.9597e+05
  -5.9143e+02
  -4.0268e+05
  -6.0129e+02
  -4.0939e+05
  -6.1115e+02
  -4.1610e+05
  -6.2100e+02
  -4.2281e+05
  -6.3086e+02
  -4.2952e+05
  -6.4072e+02
  -4.3623e+05
  -6.5058e+02
  -4.4295e+05
  -6.6043e+02
  -4.4966e+05
  -6.7029e+02
  -4.5637e+05
  -6.8015e+02
  -4.6308e+05
  -6.9000e+02
  -4.6979e+05
  -6.9986e+02
  -4.7650e+05
  -7.0972e+02
  -4.8321e+05
  -7.1958e+02
  -4.8993e+05
  -7.2943e+02
  -4.9664e+05
  -7.3929e+02
  -5.0335e+05
  -7.4915e+02
  -5.1006e+05
  -7.5901e+02
  -5.1677e+05
  -7.6886e+02
  -5.2348e+05
  -7.7872e+02
  -5.3019e+05
  -7.8858e+02
  -5.3690e+05
  -7.9843e+02
  -5.4362e+05
  -8.0829e+02
  -5.5033e+05
  -8.1815e+02
  -5.5704e+05
  -8.2801e+02
  -5.6375e+05
  -8.3786e+02
  -5.7046e+05
  -8.4772e+02
  -5.7717e+05
  -8.5758e+02
  -5.8388e+05
  -8.6743e+02
  -5.9059e+05
  -8.7729e+02
  -5.9731e+05
  -8.8715e+02
  -6.0402e+05
  -8.9701e+02
  -6.1073e+05
  -9.0686e+02
  -6.1744e+05
  -9.1672e+02
  -6.2415e+05
  -9.2658e+02
  -6.3086e+05
  -9.3644e+02
  -6.3757e+05
  -9.4629e+02
  -6.4429e+05
  -9.5615e+02
  -6.5100e+05
  -9.6601e+02
  -6.5771e+05
  -9.7586e+02
  -6.6442e+05

