-8.19691e-07 0.00363613 
0.00181911 0.00181911 
0.00363613 6.02458 
0.00545252 6.99424 
0.00726865 13.2268 
0.00908463 14.2834 
0.0109005 20.563 
0.0127164 21.6488 
0.0145322 27.9483 
0.0163479 29.0486 
0.0181637 35.359 
0.0199794 36.4678 
0.0217951 42.7851 
0.0236108 43.8995 
0.0254264 50.2215 
0.0272421 51.34 
0.0290578 57.6654 
0.0308734 58.7869 
0.0326891 65.1149 
0.0345047 66.2387 
0.0363203 72.5688 
0.0381359 73.6944 
0.0399516 80.0261 
0.0417672 81.1532 
0.0435828 87.4863 
0.0453984 88.6147 
0.047214 94.9489 
0.0490296 96.0783 
0.0508452 102.414 
0.0526608 103.544 
0.0544764 109.88 
0.056292 111.011 
0.0581076 117.348 
0.0599232 118.48 
0.0617387 124.817 
0.0635543 125.949 
0.0653699 132.287 
0.0671855 133.42 
0.0690011 139.759 
0.0708166 140.892 
0.0726322 147.231 
0.0744478 148.365 
0.0762634 154.704 
0.0780789 155.838 
0.0798945 162.178 
0.0817101 163.313 
0.0835257 169.653 
0.0853412 170.787 
0.0871568 177.128 
0.0889724 178.263 
0.0907879 184.604 
0.0926035 185.739 
0.0944191 192.08 
0.0962346 193.216 
0.0980502 199.557 
0.0998658 200.693 
0.101681 207.034 
0.103497 208.17 
0.105312 214.512 
0.107128 215.648 
0.108944 221.99 
0.110759 223.126 
0.112575 229.468 
0.11439 230.605 
0.116206 236.947 
0.118021 238.084 
0.119837 244.426 
0.121652 245.563 
0.123468 251.905 
0.125284 253.042 
0.127099 259.385 
0.128915 260.522 
0.13073 266.865 
0.132546 268.002 
0.134361 274.345 
0.136177 275.482 
0.137992 281.825 
0.139808 282.963 
0.141624 289.306 
0.143439 290.444 
0.145255 296.787 
0.14707 297.925 
0.148886 304.268 
0.150701 305.406 
0.152517 311.749 
0.154332 312.887 
0.156148 319.231 
0.157964 320.369 
0.159779 326.712 
0.161595 327.85 
0.16341 334.194 
0.165226 335.332 
0.167041 341.676 
0.168857 342.814 
0.170672 349.158 
0.172488 350.296 
0.174303 356.64 
0.176119 357.779 
0.177935 364.123 
0.17975 365.261 
0.181566 371.605 
0.183381 372.744 
0.185197 379.088 
0.187012 380.226 
0.188828 386.57 
0.190643 387.709 
0.192459 394.053 
0.194275 395.192 
0.19609 401.536 
0.197906 402.675 
0.199721 409.019 
0.201537 410.158 
0.203352 416.503 
0.205168 417.642 
0.206983 423.986 
0.208799 425.125 
0.210614 431.469 
0.21243 432.608 
0.214246 438.953 
0.216061 440.092 
0.217877 446.436 
0.219692 447.576 
0.221508 453.92 
0.223323 455.059 
0.225139 461.404 
0.226954 462.543 
0.22877 468.888 
0.230585 470.027 
0.232401 476.372 
0.234216 477.511 
0.236032 483.856 
0.237848 484.995 
0.239663 491.34 
0.241479 492.479 
0.243294 498.824 
0.24511 499.963 
0.246925 506.308 
0.248741 507.448 
0.250556 513.793 
0.252372 514.932 
0.254187 521.277 
0.256003 522.416 
0.257819 528.761 
0.259634 529.901 
0.26145 536.246 
0.263265 537.385 
0.265081 543.73 
0.266896 544.87 
0.268712 551.215 
0.270527 552.355 
0.272343 558.7 
0.274158 559.839 
0.275974 566.184 
0.27779 567.324 
0.279605 573.669 
0.281421 574.809 
0.283236 581.154 
0.285052 582.294 
0.286867 588.639 
0.288683 589.779 
0.290498 596.124 
0.292314 597.264 
0.294129 603.609 
0.295945 604.749 
0.29776 611.094 
0.299576 612.234 
0.301392 618.579 
0.303207 619.719 
0.305023 626.064 
0.306838 627.204 
0.308654 633.549 
0.310469 634.689 
0.312285 641.035 
0.3141 642.175 
0.315916 648.52 
0.317731 649.66 
0.319547 656.005 
0.321362 657.145 
0.323178 663.491 
0.324994 664.631 
0.326809 670.976 
0.328625 672.116 
0.33044 678.461 
0.332256 679.602 
0.334071 685.947 
0.335887 687.087 
0.337702 693.432 
0.339518 694.573 
0.341333 700.918 
0.343149 702.058 
0.344964 708.404 
0.34678 709.544 
0.348596 715.889 
0.350411 717.029 
0.352227 723.375 
0.354042 724.515 
0.355858 730.861 
0.357673 732.001 
0.359489 738.346 
0.361304 739.487 
0.36312 745.832 
0.364935 746.972 
0.366751 753.318 
0.368566 754.458 
0.370382 760.804 
0.372198 761.944 
0.374013 768.29 
0.375829 769.43 
0.377644 775.775 
0.37946 776.916 
0.381275 783.261 
0.383091 784.402 
0.384906 790.747 
0.386722 791.888 
0.388537 798.233 
0.390353 799.374 
0.392168 805.719 
0.393984 806.86 
0.3958 813.205 
0.397615 814.346 
0.399431 820.691 
0.401246 821.832 
0.403062 828.178 
0.404877 829.318 
0.406693 835.664 
0.408508 836.804 
0.410324 843.15 
0.412139 844.29 
0.413955 850.636 
0.41577 851.776 
0.417586 858.122 
0.419402 859.263 
0.421217 865.608 
0.423033 866.749 
0.424848 873.095 
0.426664 874.235 
0.428479 880.581 
0.430295 881.721 
0.43211 888.067 
0.433926 889.208 
0.435741 895.553 
0.437557 896.694 
0.439372 903.04 
0.441188 904.18 
0.443003 910.526 
0.444819 911.667 
0.446635 918.012 
0.44845 919.153 
0.450266 925.499 
0.452081 926.639 
0.453897 932.985 
0.455712 934.126 
0.457528 940.472 
0.459343 941.612 
0.461159 947.958 
0.462974 949.099 
0.46479 955.445 
0.466605 956.585 
0.468421 962.931 
0.470237 964.072 
0.472052 970.418 
0.473868 971.558 
0.475683 977.904 
0.477499 979.045 
0.479314 985.391 
0.48113 986.531 
0.482945 992.877 
0.484761 994.018 
0.486576 1000.36 
0.488392 1001.5 
0.490207 1007.85 
0.492023 1008.99 
0.493838 1015.34 
0.495654 1016.48 
0.49747 1022.82 
0.499285 1023.96 
0.501101 1030.31 
0.502916 1031.45 
0.504732 1037.8 
0.506547 1038.94 
0.508363 1045.28 
0.510178 1046.42 
0.511994 1052.77 
0.513809 1053.91 
0.515625 1060.26 
0.51744 1061.4 
0.519256 1067.74 
0.521072 1068.88 
0.522887 1075.23 
0.524703 1076.37 
0.526518 1082.72 
0.528334 1083.86 
0.530149 1090.2 
0.531965 1091.34 
0.53378 1097.69 
0.535596 1098.83 
0.537411 1105.18 
0.539227 1106.32 
0.541042 1112.66 
0.542858 1113.81 
0.544673 1120.15 
0.546489 1121.29 
0.548305 1127.64 
0.55012 1128.78 
0.551936 1135.12 
0.553751 1136.27 
0.555567 1142.61 
0.557382 1143.75 
0.559198 1150.1 
0.561013 1151.24 
0.562829 1157.59 
0.564644 1158.73 
0.56646 1165.07 
0.568275 1166.21 
0.570091 1172.56 
0.571906 1173.7 
0.573722 1180.05 
0.575538 1181.19 
0.577353 1187.53 
0.579169 1188.67 
0.580984 1195.02 
0.5828 1196.16 
0.584615 1202.51 
0.586431 1203.65 
0.588246 1209.99 
0.590062 1211.14 
0.591877 1217.48 
0.593693 1218.62 
0.595508 1224.97 
0.597324 1226.11 
0.59914 1232.46 
0.600955 1233.6 
0.602771 1239.94 
0.604586 1241.08 
0.606402 1247.43 
0.608217 1248.57 
0.610033 1254.92 
0.611848 1256.06 
0.613664 1262.4 
0.615479 1263.54 
0.617295 1269.89 
0.61911 1271.03 
0.620926 1277.38 
0.622741 1278.52 
0.624557 1284.86 
0.626373 1286.01 
0.628188 1292.35 
0.630004 1293.49 
0.631819 1299.84 
0.633635 1300.98 
0.63545 1307.33 
0.637266 1308.47 
0.639081 1314.81 
0.640897 1315.95 
0.642712 1322.3 
0.644528 1323.44 
0.646343 1329.79 
0.648159 1330.93 
0.649974 1337.27 
0.65179 1338.42 
0.653606 1344.76 
0.655421 1345.9 
0.657237 1352.25 
0.659052 1353.39 
0.660868 1359.74 
0.662683 1360.88 
0.664499 1367.22 
0.666314 1368.36 
0.66813 1374.71 
0.669945 1375.85 
0.671761 1382.2 
0.673576 1383.34 
0.675392 1389.69 
0.677207 1390.83 
0.679023 1397.17 
0.680839 1398.31 
0.682654 1404.66 
0.68447 1405.8 
0.686285 1412.15 
0.688101 1413.29 
0.689916 1419.63 
0.691732 1420.78 
0.693547 1427.12 
0.695363 1428.26 
0.697178 1434.61 
0.698994 1435.75 
0.700809 1442.1 
0.702625 1443.24 
0.70444 1449.58 
0.706256 1450.72 
0.708072 1457.07 
0.709887 1458.21 
0.711703 1464.56 
0.713518 1465.7 
0.715334 1472.05 
0.717149 1473.19 
0.718965 1479.53 
0.72078 1480.67 
0.722596 1487.02 
0.724411 1488.16 
0.726227 1494.51 
0.728042 1495.65 
0.729858 1502 
0.731673 1503.14 
0.733489 1509.48 
0.735305 1510.62 
0.73712 1516.97 
0.738936 1518.11 
0.740751 1524.46 
0.742567 1525.6 
0.744382 1531.94 
0.746198 1533.09 
0.748013 1539.43 
0.749829 1540.57 
0.751644 1546.92 
0.75346 1548.06 
0.755275 1554.41 
0.757091 1555.55 
0.758906 1561.89 
0.760722 1563.04 
0.762538 1569.38 
0.764353 1570.52 
0.766169 1576.87 
0.767984 1578.01 
0.7698 1584.36 
0.771615 1585.5 
0.773431 1591.84 
0.775246 1592.99 
0.777062 1599.33 
0.778877 1600.47 
0.780693 1606.82 
0.782508 1607.96 
0.784324 1614.31 
0.786139 1615.45 
0.787955 1621.79 
0.789771 1622.94 
0.791586 1629.28 
0.793402 1630.42 
0.795217 1636.77 
0.797033 1637.91 
0.798848 1644.26 
0.800664 1645.4 
0.802479 1651.74 
0.804295 1652.89 
0.80611 1659.23 
0.807926 1660.37 
0.809741 1666.72 
0.811557 1667.86 
0.813372 1674.21 
0.815188 1675.35 
0.817004 1681.69 
0.818819 1682.84 
0.820635 1689.18 
0.82245 1690.32 
0.824266 1696.67 
0.826081 1697.81 
0.827897 1704.16 
0.829712 1705.3 
0.831528 1711.64 
0.833343 1712.79 
0.835159 1719.13 
0.836974 1720.27 
0.83879 1726.62 
0.840605 1727.76 
0.842421 1734.11 
0.844237 1735.25 
0.846052 1741.6 
0.847868 1742.74 
0.849683 1749.08 
0.851499 1750.22 
0.853314 1756.57 
0.85513 1757.71 
0.856945 1764.06 
0.858761 1765.2 
0.860576 1771.55 
0.862392 1772.69 
0.864207 1779.03 
0.866023 1780.17 
0.867838 1786.52 
0.869654 1787.66 
0.871469 1794.01 
0.873285 1795.15 
0.875101 1801.5 
0.876916 1802.64 
0.878732 1808.98 
0.880547 1810.12 
0.882363 1816.47 
0.884178 1817.61 
0.885994 1823.96 
0.887809 1825.1 
0.889625 1831.45 
0.89144 1832.59 
0.893256 1838.93 
0.895071 1840.08 
0.896887 1846.42 
0.898702 1847.56 
0.900518 1853.91 
0.902334 1855.05 
0.904149 1861.4 
0.905965 1862.54 
0.90778 1868.89 
0.909596 1870.03 
0.911411 1876.37 
0.913227 1877.51 
0.915042 1883.86 
0.916858 1885 
0.918673 1891.35 
0.920489 1892.49 
0.922304 1898.84 
0.92412 1899.98 
0.925935 1906.32 
0.927751 1907.46 
0.929567 1913.81 
0.931382 1914.95 
0.933198 1921.3 
0.935013 1922.44 
0.936829 1928.79 
0.938644 1929.93 
0.94046 1936.27 
0.942275 1937.42 
0.944091 1943.76 
0.945906 1944.9 
0.947722 1951.25 
0.949537 1952.39 
0.951353 1958.74 
0.953168 1959.88 
0.954984 1966.23 
0.9568 1967.37 
0.958615 1973.71 
0.960431 1974.85 
0.962246 1981.2 
0.964062 1982.34 
0.965877 1988.69 
0.967693 1989.83 
0.969508 1996.18 
0.971324 1997.32 
0.973139 2003.66 
0.974955 2004.81 
0.97677 2011.15 
0.978586 2012.29 
0.980401 2018.64 
0.982217 2019.78 
0.984032 2026.13 
0.985848 2027.27 
0.987664 2033.62 
0.989479 2034.76 
0.991295 2041.1 
0.99311 2042.24 
0.994926 2048.59 
0.996741 2049.73 
0.998557 2056.08 
1.00037 2057.22 
1.00219 2063.57 
1.004 2064.71 
1.00582 2071.05 
1.00763 2072.2 
1.00945 2078.54 
1.01127 2079.68 
1.01308 2086.03 
1.0149 2087.17 
1.01671 2093.52 
1.01853 2094.66 
1.02034 2101.01 
1.02216 2102.15 
1.02397 2108.49 
1.02579 2109.63 
1.02761 2115.98 
1.02942 2117.12 
1.03124 2123.47 
1.03305 2124.61 
1.03487 2130.96 
1.03668 2132.1 
1.0385 2138.44 
1.04031 2139.59 
1.04213 2145.93 
1.04395 2147.07 
1.04576 2153.42 
1.04758 2154.56 
1.04939 2160.91 
1.05121 2162.05 
1.05302 2168.4 
1.05484 2169.54 
1.05665 2175.88 
1.05847 2177.03 
1.06028 2183.37 
1.0621 2184.51 
1.06392 2190.86 
1.06573 2192 
1.06755 2198.35 
1.06936 2199.49 
1.07118 2205.84 
1.07299 2206.98 
1.07481 2213.32 
1.07662 2214.46 
1.07844 2220.81 
1.08026 2221.95 
1.08207 2228.3 
1.08389 2229.44 
1.0857 2235.79 
1.08752 2236.93 
1.08933 2243.28 
1.09115 2244.42 
1.09296 2250.76 
1.09478 2251.9 
1.0966 2258.25 
1.09841 2259.39 
1.10023 2265.74 
1.10204 2266.88 
1.10386 2273.23 
1.10567 2274.37 
1.10749 2280.71 
1.1093 2281.86 
1.11112 2288.2 
1.11294 2289.34 
1.11475 2295.69 
1.11657 2296.83 
1.11838 2303.18 
1.1202 2304.32 
1.12201 2310.67 
1.12383 2311.81 
1.12564 2318.15 
1.12746 2319.3 
1.12928 2325.64 
1.13109 2326.78 
1.13291 2333.13 
1.13472 2334.27 
1.13654 2340.62 
1.13835 2341.76 
1.14017 2348.11 
1.14198 2349.25 
1.1438 2355.59 
1.14561 2356.74 
1.14743 2363.08 
1.14925 2364.22 
1.15106 2370.57 
1.15288 2371.71 
1.15469 2378.06 
1.15651 2379.2 
1.15832 2385.55 
1.16014 2386.69 
1.16195 2393.03 
1.16377 2394.18 
1.16559 2400.52 
1.1674 2401.66 
1.16922 2408.01 
1.17103 2409.15 
1.17285 2415.5 
1.17466 2416.64 
1.17648 2422.99 
1.17829 2424.13 
1.18011 2430.47 
1.18193 2431.62 
1.18374 2437.96 
1.18556 2439.1 
1.18737 2445.45 
1.18919 2446.59 
1.191 2452.94 
1.19282 2454.08 
1.19463 2460.43 
1.19645 2461.57 
1.19827 2467.91 
1.20008 2469.06 
1.2019 2475.4 
1.20371 2476.54 
1.20553 2482.89 
1.20734 2484.03 
1.20916 2490.38 
1.21097 2491.52 
1.21279 2497.87 
1.21461 2499.01 
1.21642 2505.35 
1.21824 2506.5 
1.22005 2512.84 
1.22187 2513.98 
1.22368 2520.33 
1.2255 2521.47 
1.22731 2527.82 
1.22913 2528.96 
1.23094 2535.31 
1.23276 2536.45 
1.23458 2542.79 
1.23639 2543.94 
1.23821 2550.28 
1.24002 2551.42 
1.24184 2557.77 
1.24365 2558.91 
1.24547 2565.26 
1.24728 2566.4 
1.2491 2572.75 
1.25092 2573.89 
1.25273 2580.23 
1.25455 2581.38 
1.25636 2587.72 
1.25818 2588.86 
1.25999 2595.21 
1.26181 2596.35 
1.26362 2602.7 
1.26544 2603.84 
1.26726 2610.19 
1.26907 2611.33 
1.27089 2617.67 
1.2727 2618.82 
1.27452 2625.16 
1.27633 2626.3 
1.27815 2632.65 
1.27996 2633.79 
1.28178 2640.14 
1.2836 2641.28 
1.28541 2647.63 
1.28723 2648.77 
1.28904 2655.11 
1.29086 2656.26 
1.29267 2662.6 
1.29449 2663.74 
1.2963 2670.09 
1.29812 2671.23 
1.29993 2677.58 
1.30175 2678.72 
1.30357 2685.07 
1.30538 2686.21 
1.3072 2692.55 
1.30901 2693.7 
1.31083 2700.04 
1.31264 2701.18 
1.31446 2707.53 
1.31627 2708.67 
1.31809 2715.02 
1.31991 2716.16 
1.32172 2722.51 
1.32354 2723.65 
1.32535 2730 
1.32717 2731.14 
1.32898 2737.48 
1.3308 2738.62 
1.33261 2744.97 
1.33443 2746.11 
1.33625 2752.46 
1.33806 2753.6 
1.33988 2759.95 
1.34169 2761.09 
1.34351 2767.44 
1.34532 2768.58 
1.34714 2774.92 
1.34895 2776.07 
1.35077 2782.41 
1.35259 2783.55 
1.3544 2789.9 
1.35622 2791.04 
1.35803 2797.39 
1.35985 2798.53 
1.36166 2804.88 
1.36348 2806.02 
1.36529 2812.36 
1.36711 2813.51 
1.36893 2819.85 
1.37074 2820.99 
1.37256 2827.34 
1.37437 2828.48 
1.37619 2834.83 
1.378 2835.97 
1.37982 2842.32 
1.38163 2843.46 
1.38345 2849.81 
1.38526 2850.95 
1.38708 2857.29 
1.3889 2858.43 
1.39071 2864.78 
1.39253 2865.92 
1.39434 2872.27 
1.39616 2873.41 
1.39797 2879.76 
1.39979 2880.9 
1.4016 2887.25 
1.40342 2888.39 
1.40524 2894.73 
1.40705 2895.88 
1.40887 2902.22 
1.41068 2903.36 
1.4125 2909.71 
1.41431 2910.85 
1.41613 2917.2 
1.41794 2918.34 
1.41976 2924.69 
1.42158 2925.83 
1.42339 2932.17 
1.42521 2933.32 
1.42702 2939.66 
1.42884 2940.8 
1.43065 2947.15 
1.43247 2948.29 
1.43428 2954.64 
1.4361 2955.78 
1.43792 2962.13 
1.43973 2963.27 
1.44155 2969.62 
1.44336 2970.76 
1.44518 2977.1 
1.44699 2978.24 
1.44881 2984.59 
1.45062 2985.73 
1.45244 2992.08 
1.45426 2993.22 
1.45607 2999.57 
1.45789 3000.71 
1.4597 3007.06 
1.46152 3008.2 
1.46333 3014.54 
1.46515 3015.69 
1.46696 3022.03 
1.46878 3023.17 
1.47059 3029.52 
1.47241 3030.66 
1.47423 3037.01 
1.47604 3038.15 
1.47786 3044.5 
1.47967 3045.64 
1.48149 3051.99 
1.4833 3053.13 
1.48512 3059.47 
1.48693 3060.61 
1.48875 3066.96 
1.49057 3068.1 
1.49238 3074.45 
1.4942 3075.59 
1.49601 3081.94 
1.49783 3083.08 
1.49964 3089.43 
1.50146 3090.57 
1.50327 3096.91 
1.50509 3098.06 
1.50691 3104.4 
1.50872 3105.54 
1.51054 3111.89 
1.51235 3113.03 
1.51417 3119.38 
1.51598 3120.52 
1.5178 3126.87 
1.51961 3128.01 
1.52143 3134.36 
1.52325 3135.5 
1.52506 3141.84 
1.52688 3142.98 
1.52869 3149.33 
1.53051 3150.47 
1.53232 3156.82 
1.53414 3157.96 
1.53595 3164.31 
1.53777 3165.45 
1.53959 3171.8 
1.5414 3172.94 
1.54322 3179.28 
1.54503 3180.43 
1.54685 3186.77 
1.54866 3187.91 
1.55048 3194.26 
1.55229 3195.4 
1.55411 3201.75 
1.55592 3202.89 
1.55774 3209.24 
1.55956 3210.38 
1.56137 3216.73 
1.56319 3217.87 
1.565 3224.21 
1.56682 3225.36 
1.56863 3231.7 
1.57045 3232.84 
1.57226 3239.19 
1.57408 3240.33 
1.5759 3246.68 
1.57771 3247.82 
1.57953 3254.17 
1.58134 3255.31 
1.58316 3261.65 
1.58497 3262.8 
1.58679 3269.14 
1.5886 3270.28 
1.59042 3276.63 
1.59224 3277.77 
1.59405 3284.12 
1.59587 3285.26 
1.59768 3291.61 
1.5995 3292.75 
1.60131 3299.1 
1.60313 3300.24 
1.60494 3306.58 
1.60676 3307.73 
1.60858 3314.07 
1.61039 3315.21 
1.61221 3321.56 
1.61402 3322.7 
1.61584 3329.05 
1.61765 3330.19 
1.61947 3336.54 
1.62128 3337.68 
1.6231 3344.03 
1.62491 3345.17 
1.62673 3351.51 
1.62855 3352.66 
1.63036 3359 
1.63218 3360.14 
1.63399 3366.49 
1.63581 3367.63 
1.63762 3373.98 
1.63944 3375.12 
1.64125 3381.47 
1.64307 3382.61 
1.64489 3388.96 
1.6467 3390.1 
1.64852 3396.44 
1.65033 3397.58 
1.65215 3403.93 
1.65396 3405.07 
1.65578 3411.42 
1.65759 3412.56 
1.65941 3418.91 
1.66123 3420.05 
1.66304 3426.4 
1.66486 3427.54 
1.66667 3433.88 
1.66849 3435.03 
1.6703 3441.37 
1.67212 3442.51 
1.67393 3448.86 
1.67575 3450 
1.67757 3456.35 
1.67938 3457.49 
1.6812 3463.84 
1.68301 3464.98 
1.68483 3471.33 
1.68664 3472.47 
1.68846 3478.81 
1.69027 3479.96 
1.69209 3486.3 
1.69391 3487.44 
1.69572 3493.79 
1.69754 3494.93 
1.69935 3501.28 
1.70117 3502.42 
1.70298 3508.77 
1.7048 3509.91 
1.70661 3516.26 
1.70843 3517.4 
1.71024 3523.74 
1.71206 3524.89 
1.71388 3531.23 
1.71569 3532.37 
1.71751 3538.72 
1.71932 3539.86 
1.72114 3546.21 
1.72295 3547.35 
1.72477 3553.7 
1.72658 3554.84 
1.7284 3561.19 
1.73022 3562.33 
1.73203 3568.67 
1.73385 3569.82 
1.73566 3576.16 
1.73748 3577.3 
1.73929 3583.65 
1.74111 3584.79 
1.74292 3591.14 
1.74474 3592.28 
1.74656 3598.63 
1.74837 3599.77 
1.75019 3606.12 
1.752 3607.26 
1.75382 3613.6 
1.75563 3614.75 
1.75745 3621.09 
1.75926 3622.23 
1.76108 3628.58 
1.7629 3629.72 
1.76471 3636.07 
1.76653 3637.21 
1.76834 3643.56 
1.77016 3644.7 
1.77197 3651.05 
1.77379 3652.19 
1.7756 3658.53 
1.77742 3659.67 
1.77924 3666.02 
1.78105 3667.16 
1.78287 3673.51 
1.78468 3674.65 
1.7865 3681 
1.78831 3682.14 
1.79013 3688.49 
1.79194 3689.63 
1.79376 3695.97 
1.79557 3697.12 
1.79739 3703.46 
1.79921 3704.6 
1.80102 3710.95 
1.80284 3712.09 
1.80465 3718.44 
1.80647 3719.58 
1.80828 3725.93 
1.8101 3727.07 
1.81191 3733.42 
1.81373 3734.56 
