-0.00599399 0.954793 2.51148 1.33823 -0.0819181 5.11275 0.294042 15.5521 29.4085 13.8071 
-0.00596464 -0.867356 4.87956 -0.0300528 -7.4585 6.75069 5.28072 14.6535 29.6112 14.8847 
-0.00698864 -2.82261 8.27831 -1.40351 -15.5438 8.64597 10.5235 13.8298 29.8576 15.9767 
-0.00858515 -4.82241 12.2004 -2.80655 -23.7915 10.7979 15.825 13.0748 30.1477 17.0839 
-0.0104937 -6.84269 16.3827 -4.22523 -32.1081 13.1686 21.1516 12.381 30.4811 18.2067 
-0.0125937 -8.87453 20.7117 -5.65317 -40.4627 15.7126 26.4921 11.7406 30.8571 19.3454 
-0.0148222 -10.9138 25.133 -7.08718 -48.841 18.3904 31.8414 11.1456 31.2751 20.5005 
-0.0171422 -12.9582 29.6167 -8.52544 -57.2357 21.1717 37.1968 10.5888 31.7343 21.672 
-0.0195306 -15.0063 34.145 -9.96684 -65.6422 24.0339 42.5565 10.0637 32.2386 22.8599 
-0.0219717 -17.0573 38.7073 -11.4107 -74.0578 26.9604 47.9196 9.5646 32.7751 24.0642 
-0.0244548 -19.1105 43.296 -12.8564 -82.4805 29.9388 53.2853 9.08677 33.3463 25.2849 
-0.0269719 -21.1656 47.9055 -14.3036 -90.9089 32.9597 58.6532 8.62623 33.9513 26.5216 
-0.0295172 -23.2222 52.5321 -15.7522 -99.342 36.016 64.0228 8.17971 34.5882 27.7741 
-0.0320862 -25.28 57.1729 -17.2018 -107.779 39.102 69.3939 7.74457 35.2555 29.0421 
-0.0346753 -27.3389 61.8256 -18.6524 -116.219 42.2134 74.7663 7.31865 35.9515 30.3253 
-0.0372819 -29.3988 66.4885 -20.1037 -124.663 45.3467 80.1397 6.90021 36.6744 31.6232 
-0.0399036 -31.4594 71.1602 -21.5557 -133.109 48.4989 85.514 6.48784 37.4227 32.9354 
-0.0425386 -33.5208 75.8396 -23.0083 -141.557 51.6677 90.8892 6.08039 38.1949 34.2616 
-0.0451854 -35.5828 80.5257 -24.4615 -150.006 54.8512 96.2651 5.67695 38.9894 35.6012 
-0.0478427 -37.6453 85.2179 -25.9151 -158.458 58.0476 101.642 5.27677 39.8049 36.9538 
-0.0505094 -39.7083 89.9154 -27.3692 -166.911 61.2557 107.019 4.87922 40.6401 38.3189 
-0.0531846 -41.7718 94.6177 -28.8236 -175.366 64.4743 112.396 4.48382 41.4938 39.6962 
-0.0558674 -43.8357 99.3243 -30.2784 -183.822 67.7022 117.775 4.09014 42.3647 41.0851 
-0.0585572 -45.8999 104.035 -31.7335 -192.279 70.9388 123.153 3.69787 43.2519 42.4853 
-0.0612534 -47.9645 108.749 -33.1889 -200.737 74.1831 128.532 3.30672 44.1543 43.8963 
-0.0639554 -50.0294 113.466 -34.6446 -209.196 77.4346 133.911 2.91646 45.071 45.3177 
-0.0666628 -52.0946 118.187 -36.1005 -217.656 80.6926 139.291 2.52691 46.0011 46.749 
-0.0693751 -54.1601 122.91 -37.5566 -226.116 83.9566 144.671 2.13791 46.9438 48.19 
-0.0720921 -56.2258 127.636 -39.013 -234.578 87.2262 150.051 1.74932 47.8985 49.6403 
-0.0748133 -58.2917 132.364 -40.4696 -243.04 90.501 155.432 1.36104 48.8643 51.0994 
-0.0775385 -60.3579 137.094 -41.9263 -251.503 93.7806 160.813 0.972988 49.8406 52.5671 
-0.0802673 -62.4242 141.826 -43.3832 -259.966 97.0646 166.194 0.585078 50.8269 54.0429 
-0.0829996 -64.4908 146.561 -44.8403 -268.43 100.353 171.575 0.19725 51.8226 55.5267 
-0.0857352 -66.5575 151.297 -46.2975 -276.895 103.645 176.956 -0.190548 52.8272 57.0181 
-0.0884738 -68.6243 156.035 -47.7548 -285.36 106.941 182.338 -0.578359 53.8402 58.5167 
-0.0912153 -70.6914 160.774 -49.2123 -293.826 110.24 187.72 -0.96622 54.8611 60.0224 
-0.0939594 -72.7585 165.515 -50.6699 -302.292 113.542 193.101 -1.35416 55.8895 61.5349 
-0.0967061 -74.8258 170.257 -52.1277 -310.758 116.848 198.484 -1.74221 56.9251 63.0539 
-0.0994552 -76.8933 175.001 -53.5855 -319.225 120.156 203.866 -2.13038 57.9675 64.5791 
-0.102207 -78.9608 179.746 -55.0435 -327.692 123.467 209.248 -2.51869 59.0163 66.1104 
-0.10496 -81.0285 184.492 -56.5015 -336.16 126.781 214.631 -2.90717 60.0713 67.6475 
-0.107716 -83.0963 189.239 -57.9597 -344.627 130.097 220.013 -3.2958 61.132 69.1902 
-0.110473 -85.1642 193.987 -59.4179 -353.096 133.415 225.396 -3.68462 62.1984 70.7384 
-0.113232 -87.2322 198.736 -60.8762 -361.564 136.736 230.779 -4.07362 63.27 72.2917 
-0.115993 -89.3003 203.487 -62.3346 -370.033 140.059 236.162 -4.46281 64.3467 73.8501 
-0.118756 -91.3684 208.238 -63.7931 -378.502 143.383 241.545 -4.8522 65.4282 75.4134 
-0.12152 -93.4367 212.99 -65.2517 -386.972 146.71 246.929 -5.24178 66.5144 76.9813 
-0.124286 -95.5051 217.743 -66.7103 -395.441 150.038 252.312 -5.63156 67.6049 78.5538 
-0.127054 -97.5735 222.496 -68.169 -403.911 153.368 257.695 -6.02155 68.6997 80.1307 
-0.129822 -99.642 227.251 -69.6278 -412.381 156.7 263.079 -6.41173 69.7986 81.7118 
-0.132592 -101.711 232.006 -71.0867 -420.852 160.034 268.462 -6.80211 70.9013 83.297 
-0.135364 -103.779 236.762 -72.5456 -429.322 163.369 273.846 -7.1927 72.0077 84.8862 
-0.138136 -105.848 241.519 -74.0045 -437.793 166.705 279.23 -7.58348 73.1177 86.4793 
-0.14091 -107.917 246.276 -75.4635 -446.264 170.043 284.614 -7.97446 74.2312 88.076 
-0.143685 -109.986 251.034 -76.9226 -454.735 173.382 289.998 -8.36564 75.3479 89.6764 
-0.146461 -112.055 255.793 -78.3817 -463.207 176.723 295.382 -8.75701 76.4678 91.2803 
-0.149238 -114.124 260.552 -79.8409 -471.678 180.064 300.766 -9.14858 77.5908 92.8875 
-0.152016 -116.193 265.312 -81.3001 -480.15 183.407 306.15 -9.54033 78.7167 94.4981 
-0.154795 -118.262 270.072 -82.7594 -488.622 186.751 311.534 -9.93227 79.8455 96.1118 
-0.157575 -120.331 274.833 -84.2187 -497.094 190.097 316.918 -10.3244 80.9769 97.7287 
-0.160356 -122.4 279.594 -85.678 -505.566 193.443 322.302 -10.7167 82.111 99.3485 
-0.163138 -124.469 284.356 -87.1374 -514.039 196.79 327.687 -11.1092 83.2477 100.971 
-0.16592 -126.538 289.118 -88.5969 -522.511 200.139 333.071 -11.5019 84.3868 102.597 
-0.168704 -128.608 293.881 -90.0563 -530.984 203.488 338.456 -11.8947 85.5283 104.225 
-0.171488 -130.677 298.644 -91.5159 -539.457 206.839 343.84 -12.2877 86.6721 105.856 
-0.174273 -132.747 303.408 -92.9754 -547.93 210.19 349.225 -12.6809 87.818 107.49 
-0.177059 -134.816 308.172 -94.435 -556.403 213.542 354.609 -13.0742 88.9662 109.126 
-0.179845 -136.886 312.936 -95.8946 -564.876 216.895 359.994 -13.4677 90.1164 110.765 
-0.182632 -138.955 317.701 -97.3543 -573.349 220.249 365.379 -13.8614 91.2686 112.406 
-0.18542 -141.025 322.466 -98.814 -581.823 223.603 370.764 -14.2552 92.4228 114.049 
-0.188209 -143.094 327.232 -100.274 -590.296 226.959 376.148 -14.6492 93.5788 115.695 
-0.190998 -145.164 331.997 -101.733 -598.77 230.315 381.533 -15.0433 94.7367 117.342 
-0.193787 -147.234 336.764 -103.193 -607.244 233.672 386.918 -15.4376 95.8964 118.992 
-0.196578 -149.303 341.53 -104.653 -615.718 237.03 392.303 -15.832 97.0578 120.644 
-0.199369 -151.373 346.297 -106.113 -624.192 240.388 397.688 -16.2266 98.2208 122.299 
-0.20216 -153.443 351.065 -107.573 -632.666 243.747 403.073 -16.6213 99.3855 123.955 
-0.204952 -155.513 355.832 -109.033 -641.14 247.107 408.458 -17.0162 100.552 125.613 
-0.207745 -157.583 360.6 -110.493 -649.614 250.467 413.843 -17.4112 101.72 127.273 
-0.210538 -159.652 365.368 -111.953 -658.089 253.828 419.228 -17.8063 102.889 128.935 
-0.213332 -161.722 370.137 -113.413 -666.563 257.189 424.613 -18.2015 104.06 130.598 
-0.216126 -163.792 374.905 -114.873 -675.038 260.551 429.998 -18.5969 105.232 132.264 
-0.21892 -165.862 379.675 -116.333 -683.512 263.914 435.384 -18.9924 106.405 133.931 
-0.221715 -167.932 384.444 -117.793 -691.987 267.277 440.769 -19.3881 107.58 135.6 
-0.224511 -170.002 389.213 -119.253 -700.462 270.641 446.154 -19.7838 108.756 137.271 
-0.227307 -172.072 393.983 -120.713 -708.937 274.006 451.539 -20.1797 109.934 138.943 
-0.230103 -174.142 398.753 -122.173 -717.412 277.37 456.925 -20.5757 111.112 140.616 
-0.2329 -176.212 403.523 -123.633 -725.887 280.736 462.31 -20.9718 112.292 142.292 
-0.235697 -178.283 408.294 -125.093 -734.362 284.102 467.696 -21.368 113.473 143.968 
-0.238495 -180.353 413.065 -126.553 -742.837 287.468 473.081 -21.7643 114.655 145.647 
-0.241293 -182.423 417.836 -128.014 -751.312 290.835 478.466 -22.1608 115.839 147.326 
-0.244091 -184.493 422.607 -129.474 -759.787 294.202 483.852 -22.5573 117.023 149.008 
-0.24689 -186.563 427.378 -130.934 -768.263 297.57 489.237 -22.954 118.209 150.69 
-0.24969 -188.633 432.15 -132.394 -776.738 300.938 494.623 -23.3508 119.395 152.374 
-0.252489 -190.704 436.922 -133.855 -785.214 304.307 500.008 -23.7476 120.583 154.059 
-0.255289 -192.774 441.694 -135.315 -793.689 307.676 505.394 -24.1446 121.771 155.746 
-0.258089 -194.844 446.466 -136.775 -802.165 311.045 510.78 -24.5417 122.961 157.433 
-0.26089 -196.915 451.239 -138.235 -810.641 314.415 516.165 -24.9388 124.151 159.122 
-0.263691 -198.985 456.011 -139.696 -819.116 317.785 521.551 -25.3361 125.342 160.813 
-0.266492 -201.055 460.784 -141.156 -827.592 321.156 526.936 -25.7335 126.535 162.504 
-0.269294 -203.126 465.557 -142.617 -836.068 324.527 532.322 -26.1309 127.728 164.197 
-0.272095 -205.196 470.33 -144.077 -844.544 327.899 537.708 -26.5284 128.922 165.89 
-0.274898 -207.266 475.103 -145.537 -853.02 331.27 543.094 -26.9261 130.117 167.585 
-0.2777 -209.337 479.877 -146.998 -861.496 334.642 548.479 -27.3238 131.312 169.281 
-0.280503 -211.407 484.651 -148.458 -869.972 338.015 553.865 -27.7216 132.509 170.978 
-0.283306 -213.478 489.424 -149.919 -878.448 341.388 559.251 -28.1195 133.706 172.676 
-0.286109 -215.548 494.198 -151.379 -886.924 344.761 564.637 -28.5175 134.904 174.376 
-0.288913 -217.619 498.973 -152.84 -895.401 348.134 570.022 -28.9155 136.103 176.076 
-0.291717 -219.689 503.747 -154.3 -903.877 351.508 575.408 -29.3137 137.303 177.777 
-0.294521 -221.76 508.521 -155.761 -912.353 354.882 580.794 -29.7119 138.503 179.479 
-0.297325 -223.83 513.296 -157.221 -920.83 358.257 586.18 -30.1102 139.704 181.183 
-0.30013 -225.901 518.071 -158.682 -929.306 361.631 591.566 -30.5086 140.906 182.887 
-0.302935 -227.971 522.846 -160.142 -937.783 365.006 596.952 -30.907 142.108 184.592 
-0.30574 -230.042 527.621 -161.603 -946.259 368.382 602.338 -31.3056 143.311 186.298 
-0.308545 -232.112 532.396 -163.063 -954.736 371.757 607.724 -31.7042 144.515 188.005 
-0.311351 -234.183 537.171 -164.524 -963.212 375.133 613.11 -32.1029 145.719 189.713 
-0.314157 -236.254 541.947 -165.984 -971.689 378.509 618.495 -32.5016 146.924 191.421 
-0.316963 -238.324 546.722 -167.445 -980.166 381.886 623.881 -32.9004 148.13 193.131 
-0.319769 -240.395 551.498 -168.906 -988.642 385.263 629.267 -33.2993 149.336 194.841 
-0.322576 -242.466 556.274 -170.366 -997.119 388.64 634.653 -33.6983 150.543 196.552 
-0.325383 -244.536 561.05 -171.827 -1005.6 392.017 640.039 -34.0973 151.751 198.264 
-0.32819 -246.607 565.826 -173.288 -1014.07 395.394 645.426 -34.4964 152.959 199.977 
-0.330997 -248.678 570.602 -174.748 -1022.55 398.772 650.812 -34.8956 154.167 201.691 
-0.333804 -250.748 575.378 -176.209 -1031.03 402.15 656.198 -35.2948 155.377 203.405 
-0.336612 -252.819 580.155 -177.669 -1039.5 405.528 661.584 -35.6941 156.586 205.121 
-0.33942 -254.89 584.931 -179.13 -1047.98 408.907 666.97 -36.0935 157.797 206.836 
-0.342228 -256.96 589.708 -180.591 -1056.46 412.286 672.356 -36.4929 159.007 208.553 
-0.345036 -259.031 594.484 -182.052 -1064.93 415.664 677.742 -36.8924 160.219 210.271 
-0.347844 -261.102 599.261 -183.512 -1073.41 419.044 683.128 -37.2919 161.431 211.989 
-0.350653 -263.173 604.038 -184.973 -1081.89 422.423 688.514 -37.6915 162.643 213.707 
-0.353461 -265.244 608.815 -186.434 -1090.37 425.803 693.901 -38.0912 163.856 215.427 
-0.35627 -267.314 613.593 -187.894 -1098.84 429.182 699.287 -38.4909 165.069 217.147 
-0.359079 -269.385 618.37 -189.355 -1107.32 432.562 704.673 -38.8907 166.283 218.868 
-0.361889 -271.456 623.147 -190.816 -1115.8 435.943 710.059 -39.2905 167.497 220.59 
-0.364698 -273.527 627.925 -192.277 -1124.27 439.323 715.445 -39.6904 168.712 222.312 
-0.367508 -275.598 632.702 -193.738 -1132.75 442.704 720.831 -40.0904 169.927 224.035 
-0.370317 -277.668 637.48 -195.198 -1141.23 446.085 726.218 -40.4904 171.143 225.758 
-0.373127 -279.739 642.258 -196.659 -1149.71 449.466 731.604 -40.8904 172.359 227.482 
-0.375937 -281.81 647.036 -198.12 -1158.18 452.847 736.99 -41.2905 173.576 229.207 
-0.378748 -283.881 651.814 -199.581 -1166.66 456.228 742.376 -41.6907 174.793 230.932 
-0.381558 -285.952 656.592 -201.042 -1175.14 459.61 747.763 -42.0909 176.01 232.658 
-0.384369 -288.023 661.37 -202.502 -1183.62 462.992 753.149 -42.4912 177.228 234.385 
-0.387179 -290.094 666.148 -203.963 -1192.09 466.374 758.535 -42.8915 178.446 236.112 
-0.38999 -292.165 670.926 -205.424 -1200.57 469.756 763.922 -43.2918 179.665 237.84 
-0.392801 -294.236 675.705 -206.885 -1209.05 473.138 769.308 -43.6923 180.884 239.568 
-0.395612 -296.306 680.483 -208.346 -1217.53 476.521 774.694 -44.0927 182.103 241.297 
-0.398424 -298.377 685.262 -209.807 -1226 479.903 780.081 -44.4932 183.323 243.026 
-0.401235 -300.448 690.04 -211.267 -1234.48 483.286 785.467 -44.8938 184.543 244.756 
-0.404047 -302.519 694.819 -212.728 -1242.96 486.669 790.853 -45.2944 185.764 246.486 
-0.406859 -304.59 699.598 -214.189 -1251.44 490.053 796.24 -45.695 186.985 248.217 
-0.40967 -306.661 704.377 -215.65 -1259.92 493.436 801.626 -46.0957 188.206 249.949 
-0.412482 -308.732 709.156 -217.111 -1268.39 496.819 807.012 -46.4965 189.428 251.681 
-0.415295 -310.803 713.935 -218.572 -1276.87 500.203 812.399 -46.8973 190.65 253.413 
-0.418107 -312.874 718.714 -220.033 -1285.35 503.587 817.785 -47.2981 191.872 255.146 
-0.420919 -314.945 723.493 -221.494 -1293.83 506.971 823.172 -47.699 193.095 256.88 
-0.423732 -317.016 728.272 -222.955 -1302.3 510.355 828.558 -48.0999 194.318 258.614 
-0.426544 -319.087 733.052 -224.416 -1310.78 513.739 833.945 -48.5008 195.541 260.348 
-0.429357 -321.158 737.831 -225.877 -1319.26 517.124 839.331 -48.9018 196.765 262.083 
-0.43217 -323.229 742.611 -227.338 -1327.74 520.508 844.717 -49.3029 197.989 263.819 
-0.434983 -325.3 747.39 -228.798 -1336.22 523.893 850.104 -49.704 199.213 265.554 
-0.437796 -327.371 752.17 -230.259 -1344.69 527.278 855.49 -50.1051 200.438 267.291 
-0.440609 -329.442 756.949 -231.72 -1353.17 530.663 860.877 -50.5062 201.663 269.027 
-0.443423 -331.513 761.729 -233.181 -1361.65 534.048 866.263 -50.9074 202.888 270.765 
-0.446236 -333.584 766.509 -234.642 -1370.13 537.433 871.65 -51.3087 204.114 272.502 
-0.44905 -335.656 771.289 -236.103 -1378.61 540.819 877.036 -51.71 205.339 274.24 
-0.451863 -337.727 776.069 -237.564 -1387.08 544.204 882.423 -52.1113 206.566 275.979 
-0.454677 -339.798 780.849 -239.025 -1395.56 547.59 887.809 -52.5126 207.792 277.718 
-0.457491 -341.869 785.629 -240.486 -1404.04 550.976 893.196 -52.914 209.019 279.457 
-0.460305 -343.94 790.409 -241.947 -1412.52 554.362 898.582 -53.3155 210.246 281.197 
-0.463119 -346.011 795.189 -243.408 -1421 557.748 903.969 -53.7169 211.473 282.937 
-0.465934 -348.082 799.969 -244.869 -1429.47 561.134 909.355 -54.1184 212.701 284.678 
-0.468748 -350.153 804.75 -246.33 -1437.95 564.52 914.742 -54.52 213.929 286.419 
-0.471562 -352.224 809.53 -247.791 -1446.43 567.907 920.128 -54.9215 215.157 288.16 
-0.474377 -354.295 814.311 -249.252 -1454.91 571.293 925.515 -55.3232 216.385 289.902 
-0.477192 -356.367 819.091 -250.713 -1463.39 574.68 930.902 -55.7248 217.614 291.644 
-0.480006 -358.438 823.872 -252.174 -1471.87 578.067 936.288 -56.1265 218.843 293.387 
-0.482821 -360.509 828.652 -253.636 -1480.34 581.454 941.675 -56.5282 220.072 295.13 
-0.485636 -362.58 833.433 -255.097 -1488.82 584.841 947.061 -56.9299 221.301 296.873 
-0.488451 -364.651 838.214 -256.558 -1497.3 588.228 952.448 -57.3317 222.531 298.617 
-0.491266 -366.722 842.994 -258.019 -1505.78 591.615 957.835 -57.7335 223.761 300.361 
-0.494081 -368.793 847.775 -259.48 -1514.26 595.003 963.221 -58.1354 224.991 302.105 
-0.496897 -370.865 852.556 -260.941 -1522.74 598.39 968.608 -58.5372 226.222 303.85 
-0.499712 -372.936 857.337 -262.402 -1531.21 601.778 973.994 -58.9391 227.452 305.595 
-0.502528 -375.007 862.118 -263.863 -1539.69 605.165 979.381 -59.3411 228.683 307.34 
-0.505343 -377.078 866.899 -265.324 -1548.17 608.553 984.768 -59.7431 229.914 309.086 
-0.508159 -379.149 871.68 -266.785 -1556.65 611.941 990.154 -60.1451 231.146 310.832 
-0.510975 -381.221 876.461 -268.246 -1565.13 615.329 995.541 -60.5471 232.377 312.579 
-0.51379 -383.292 881.242 -269.707 -1573.61 618.717 1000.93 -60.9491 233.609 314.325 
-0.516606 -385.363 886.024 -271.168 -1582.08 622.106 1006.31 -61.3512 234.841 316.072 
-0.519422 -387.434 890.805 -272.63 -1590.56 625.494 1011.7 -61.7534 236.073 317.82 
-0.522238 -389.505 895.586 -274.091 -1599.04 628.882 1017.09 -62.1555 237.306 319.568 
-0.525055 -391.577 900.368 -275.552 -1607.52 632.271 1022.47 -62.5577 238.538 321.316 
-0.527871 -393.648 905.149 -277.013 -1616 635.659 1027.86 -62.9599 239.771 323.064 
-0.530687 -395.719 909.931 -278.474 -1624.48 639.048 1033.25 -63.3621 241.004 324.813 
-0.533504 -397.79 914.712 -279.935 -1632.96 642.437 1038.63 -63.7644 242.238 326.562 
-0.53632 -399.862 919.494 -281.396 -1641.43 645.826 1044.02 -64.1667 243.471 328.311 
-0.539137 -401.933 924.275 -282.857 -1649.91 649.215 1049.41 -64.569 244.705 330.061 
-0.541953 -404.004 929.057 -284.318 -1658.39 652.604 1054.79 -64.9714 245.939 331.811 
-0.54477 -406.075 933.839 -285.78 -1666.87 655.993 1060.18 -65.3737 247.173 333.561 
-0.547587 -408.147 938.62 -287.241 -1675.35 659.382 1065.57 -65.7761 248.407 335.311 
-0.550404 -410.218 943.402 -288.702 -1683.83 662.772 1070.95 -66.1786 249.642 337.062 
-0.553221 -412.289 948.184 -290.163 -1692.31 666.161 1076.34 -66.581 250.876 338.813 
-0.556038 -414.36 952.966 -291.624 -1700.78 669.551 1081.73 -66.9835 252.111 340.565 
-0.558855 -416.432 957.748 -293.085 -1709.26 672.94 1087.11 -67.386 253.346 342.316 
-0.561672 -418.503 962.53 -294.547 -1717.74 676.33 1092.5 -67.7885 254.582 344.068 
-0.564489 -420.574 967.312 -296.008 -1726.22 679.72 1097.89 -68.1911 255.817 345.82 
-0.567307 -422.646 972.094 -297.469 -1734.7 683.11 1103.28 -68.5937 257.053 347.573 
-0.570124 -424.717 976.876 -298.93 -1743.18 686.5 1108.66 -68.9963 258.289 349.326 
-0.572941 -426.788 981.658 -300.391 -1751.66 689.89 1114.05 -69.3989 259.525 351.079 
-0.575759 -428.859 986.44 -301.852 -1760.14 693.28 1119.44 -69.8016 260.761 352.832 
-0.578576 -430.931 991.222 -303.314 -1768.61 696.67 1124.82 -70.2042 261.997 354.585 
-0.581394 -433.002 996.005 -304.775 -1777.09 700.06 1130.21 -70.607 263.234 356.339 
-0.584212 -435.073 1000.79 -306.236 -1785.57 703.451 1135.6 -71.0097 264.47 358.093 
-0.58703 -437.145 1005.57 -307.697 -1794.05 706.841 1140.98 -71.4124 265.707 359.847 
-0.589847 -439.216 1010.35 -309.158 -1802.53 710.232 1146.37 -71.8152 266.944 361.602 
-0.592665 -441.287 1015.13 -310.62 -1811.01 713.622 1151.76 -72.218 268.181 363.357 
-0.595483 -443.359 1019.92 -312.081 -1819.49 717.013 1157.14 -72.6208 269.419 365.112 
-0.598301 -445.43 1024.7 -313.542 -1827.97 720.404 1162.53 -73.0237 270.656 366.867 
-0.601119 -447.501 1029.48 -315.003 -1836.45 723.795 1167.92 -73.4265 271.894 368.623 
-0.603938 -449.573 1034.26 -316.464 -1844.92 727.186 1173.3 -73.8294 273.132 370.378 
-0.606756 -451.644 1039.05 -317.926 -1853.4 730.577 1178.69 -74.2323 274.37 372.134 
-0.609574 -453.715 1043.83 -319.387 -1861.88 733.968 1184.08 -74.6353 275.608 373.891 
-0.612393 -455.787 1048.61 -320.848 -1870.36 737.359 1189.46 -75.0382 276.846 375.647 
-0.615211 -457.858 1053.39 -322.309 -1878.84 740.75 1194.85 -75.4412 278.085 377.404 
-0.618029 -459.929 1058.18 -323.771 -1887.32 744.141 1200.24 -75.8442 279.323 379.161 
-0.620848 -462.001 1062.96 -325.232 -1895.8 747.533 1205.62 -76.2472 280.562 380.918 
-0.623666 -464.072 1067.74 -326.693 -1904.28 750.924 1211.01 -76.6503 281.801 382.675 
-0.626485 -466.144 1072.53 -328.154 -1912.76 754.316 1216.4 -77.0533 283.04 384.433 
-0.629304 -468.215 1077.31 -329.616 -1921.23 757.707 1221.78 -77.4564 284.279 386.191 
-0.632123 -470.286 1082.09 -331.077 -1929.71 761.099 1227.17 -77.8595 285.519 387.949 
-0.634941 -472.358 1086.87 -332.538 -1938.19 764.49 1232.56 -78.2626 286.758 389.707 
-0.63776 -474.429 1091.66 -333.999 -1946.67 767.882 1237.95 -78.6658 287.998 391.466 
-0.640579 -476.5 1096.44 -335.461 -1955.15 771.274 1243.33 -79.0689 289.238 393.224 
-0.643398 -478.572 1101.22 -336.922 -1963.63 774.666 1248.72 -79.4721 290.478 394.983 
-0.646217 -480.643 1106.01 -338.383 -1972.11 778.058 1254.11 -79.8753 291.718 396.743 
-0.649036 -482.715 1110.79 -339.844 -1980.59 781.45 1259.49 -80.2785 292.958 398.502 
-0.651855 -484.786 1115.57 -341.306 -1989.07 784.842 1264.88 -80.6818 294.198 400.261 
-0.654675 -486.857 1120.36 -342.767 -1997.55 788.234 1270.27 -81.085 295.439 402.021 
-0.657494 -488.929 1125.14 -344.228 -2006.03 791.626 1275.65 -81.4883 296.679 403.781 
-0.660313 -491 1129.92 -345.689 -2014.5 795.019 1281.04 -81.8916 297.92 405.541 
-0.663133 -493.072 1134.7 -347.151 -2022.98 798.411 1286.43 -82.2949 299.161 407.302 
-0.665952 -495.143 1139.49 -348.612 -2031.46 801.803 1291.81 -82.6983 300.402 409.062 
-0.668771 -497.215 1144.27 -350.073 -2039.94 805.196 1297.2 -83.1016 301.643 410.823 
-0.671591 -499.286 1149.05 -351.535 -2048.42 808.588 1302.59 -83.505 302.885 412.584 
-0.67441 -501.357 1153.84 -352.996 -2056.9 811.981 1307.97 -83.9084 304.126 414.345 
-0.67723 -503.429 1158.62 -354.457 -2065.38 815.374 1313.36 -84.3118 305.367 416.106 
-0.68005 -505.5 1163.4 -355.918 -2073.86 818.766 1318.75 -84.7152 306.609 417.868 
-0.682869 -507.572 1168.19 -357.38 -2082.34 822.159 1324.14 -85.1187 307.851 419.63 
-0.685689 -509.643 1172.97 -358.841 -2090.82 825.552 1329.52 -85.5221 309.093 421.391 
-0.688509 -511.715 1177.76 -360.302 -2099.3 828.945 1334.91 -85.9256 310.335 423.154 
-0.691329 -513.786 1182.54 -361.764 -2107.77 832.338 1340.3 -86.3291 311.577 424.916 
-0.694149 -515.857 1187.32 -363.225 -2116.25 835.731 1345.68 -86.7326 312.819 426.678 
-0.696969 -517.929 1192.11 -364.686 -2124.73 839.124 1351.07 -87.1361 314.062 428.441 
-0.699789 -520 1196.89 -366.148 -2133.21 842.517 1356.46 -87.5397 315.304 430.204 
-0.702609 -522.072 1201.67 -367.609 -2141.69 845.91 1361.84 -87.9432 316.547 431.967 
-0.705429 -524.143 1206.46 -369.07 -2150.17 849.303 1367.23 -88.3468 317.789 433.73 
-0.708249 -526.215 1211.24 -370.531 -2158.65 852.696 1372.62 -88.7504 319.032 435.493 
-0.711069 -528.286 1216.02 -371.993 -2167.13 856.09 1378.01 -89.154 320.275 437.257 
-0.713889 -530.358 1220.81 -373.454 -2175.61 859.483 1383.39 -89.5577 321.518 439.02 
-0.716709 -532.429 1225.59 -374.915 -2184.09 862.876 1388.78 -89.9613 322.761 440.784 
-0.71953 -534.501 1230.38 -376.377 -2192.57 866.27 1394.17 -90.365 324.005 442.548 
-0.72235 -536.572 1235.16 -377.838 -2201.05 869.663 1399.55 -90.7686 325.248 444.312 
-0.72517 -538.643 1239.94 -379.299 -2209.53 873.057 1404.94 -91.1723 326.492 446.077 
-0.727991 -540.715 1244.73 -380.761 -2218.01 876.451 1410.33 -91.5761 327.735 447.841 
-0.730811 -542.786 1249.51 -382.222 -2226.48 879.844 1415.71 -91.9798 328.979 449.606 
-0.733632 -544.858 1254.29 -383.683 -2234.96 883.238 1421.1 -92.3835 330.223 451.371 
-0.736452 -546.929 1259.08 -385.145 -2243.44 886.632 1426.49 -92.7873 331.467 453.136 
-0.739273 -549.001 1263.86 -386.606 -2251.92 890.026 1431.87 -93.191 332.711 454.901 
-0.742093 -551.072 1268.65 -388.067 -2260.4 893.419 1437.26 -93.5948 333.955 456.666 
-0.744914 -553.144 1273.43 -389.529 -2268.88 896.813 1442.65 -93.9986 335.199 458.432 
-0.747735 -555.215 1278.21 -390.99 -2277.36 900.207 1448.04 -94.4024 336.443 460.197 
-0.750556 -557.287 1283 -392.452 -2285.84 903.601 1453.42 -94.8063 337.688 461.963 
-0.753376 -559.358 1287.78 -393.913 -2294.32 906.995 1458.81 -95.2101 338.933 463.729 
-0.756197 -561.43 1292.57 -395.374 -2302.8 910.39 1464.2 -95.614 340.177 465.495 
-0.759018 -563.501 1297.35 -396.836 -2311.28 913.784 1469.58 -96.0179 341.422 467.261 
-0.761839 -565.573 1302.14 -398.297 -2319.76 917.178 1474.97 -96.4217 342.667 469.028 
-0.76466 -567.644 1306.92 -399.758 -2328.24 920.572 1480.36 -96.8256 343.912 470.794 
-0.767481 -569.716 1311.7 -401.22 -2336.72 923.967 1485.74 -97.2296 345.157 472.561 
-0.770302 -571.787 1316.49 -402.681 -2345.2 927.361 1491.13 -97.6335 346.402 474.328 
-0.773123 -573.859 1321.27 -404.142 -2353.68 930.755 1496.52 -98.0374 347.647 476.095 
-0.775944 -575.93 1326.06 -405.604 -2362.15 934.15 1501.91 -98.4414 348.892 477.862 
-0.778765 -578.002 1330.84 -407.065 -2370.63 937.544 1507.29 -98.8454 350.138 479.629 
-0.781586 -580.074 1335.62 -408.527 -2379.11 940.939 1512.68 -99.2494 351.383 481.396 
-0.784408 -582.145 1340.41 -409.988 -2387.59 944.333 1518.07 -99.6534 352.629 483.164 
-0.787229 -584.217 1345.19 -411.449 -2396.07 947.728 1523.45 -100.057 353.875 484.932 
-0.79005 -586.288 1349.98 -412.911 -2404.55 951.123 1528.84 -100.461 355.121 486.7 
-0.792871 -588.36 1354.76 -414.372 -2413.03 954.517 1534.23 -100.865 356.366 488.468 
-0.795693 -590.431 1359.55 -415.833 -2421.51 957.912 1539.62 -101.269 357.612 490.236 
-0.798514 -592.503 1364.33 -417.295 -2429.99 961.307 1545 -101.674 358.858 492.004 
-0.801336 -594.574 1369.12 -418.756 -2438.47 964.702 1550.39 -102.078 360.105 493.772 
-0.804157 -596.646 1373.9 -420.218 -2446.95 968.096 1555.78 -102.482 361.351 495.541 
-0.806979 -598.717 1378.68 -421.679 -2455.43 971.491 1561.16 -102.886 362.597 497.31 
-0.8098 -600.789 1383.47 -423.14 -2463.91 974.886 1566.55 -103.29 363.844 499.078 
-0.812622 -602.86 1388.25 -424.602 -2472.39 978.281 1571.94 -103.694 365.09 500.847 
-0.815443 -604.932 1393.04 -426.063 -2480.87 981.676 1577.32 -104.098 366.337 502.616 
-0.818265 -607.004 1397.82 -427.525 -2489.35 985.071 1582.71 -104.502 367.583 504.385 
-0.821087 -609.075 1402.61 -428.986 -2497.83 988.467 1588.1 -104.907 368.83 506.155 
-0.823908 -611.147 1407.39 -430.447 -2506.31 991.862 1593.49 -105.311 370.077 507.924 
-0.82673 -613.218 1412.18 -431.909 -2514.79 995.257 1598.87 -105.715 371.324 509.694 
-0.829552 -615.29 1416.96 -433.37 -2523.27 998.652 1604.26 -106.119 372.571 511.464 
-0.832374 -617.361 1421.75 -434.832 -2531.74 1002.05 1609.65 -106.523 373.818 513.233 
-0.835195 -619.433 1426.53 -436.293 -2540.22 1005.44 1615.03 -106.928 375.065 515.003 
-0.838017 -621.504 1431.31 -437.754 -2548.7 1008.84 1620.42 -107.332 376.312 516.773 
-0.840839 -623.576 1436.1 -439.216 -2557.18 1012.23 1625.81 -107.736 377.56 518.544 
-0.843661 -625.648 1440.88 -440.677 -2565.66 1015.63 1631.2 -108.14 378.807 520.314 
-0.846483 -627.719 1445.67 -442.139 -2574.14 1019.02 1636.58 -108.545 380.055 522.084 
-0.849305 -629.791 1450.45 -443.6 -2582.62 1022.42 1641.97 -108.949 381.302 523.855 
-0.852127 -631.862 1455.24 -445.061 -2591.1 1025.82 1647.36 -109.353 382.55 525.626 
-0.854949 -633.934 1460.02 -446.523 -2599.58 1029.21 1652.74 -109.758 383.797 527.396 
-0.857771 -636.005 1464.81 -447.984 -2608.06 1032.61 1658.13 -110.162 385.045 529.167 
-0.860593 -638.077 1469.59 -449.446 -2616.54 1036 1663.52 -110.566 386.293 530.938 
-0.863415 -640.149 1474.38 -450.907 -2625.02 1039.4 1668.9 -110.971 387.541 532.709 
-0.866238 -642.22 1479.16 -452.369 -2633.5 1042.79 1674.29 -111.375 388.789 534.481 
-0.86906 -644.292 1483.95 -453.83 -2641.98 1046.19 1679.68 -111.779 390.037 536.252 
-0.871882 -646.363 1488.73 -455.291 -2650.46 1049.59 1685.07 -112.184 391.285 538.024 
-0.874704 -648.435 1493.52 -456.753 -2658.94 1052.98 1690.45 -112.588 392.534 539.795 
-0.877527 -650.507 1498.3 -458.214 -2667.42 1056.38 1695.84 -112.992 393.782 541.567 
-0.880349 -652.578 1503.09 -459.676 -2675.9 1059.77 1701.23 -113.397 395.03 543.339 
-0.883171 -654.65 1507.87 -461.137 -2684.38 1063.17 1706.61 -113.801 396.279 545.111 
-0.885994 -656.721 1512.66 -462.599 -2692.86 1066.56 1712 -114.206 397.527 546.883 
-0.888816 -658.793 1517.44 -464.06 -2701.34 1069.96 1717.39 -114.61 398.776 548.655 
-0.891638 -660.865 1522.23 -465.521 -2709.82 1073.36 1722.78 -115.015 400.025 550.427 
-0.894461 -662.936 1527.01 -466.983 -2718.3 1076.75 1728.16 -115.419 401.273 552.2 
-0.897283 -665.008 1531.8 -468.444 -2726.78 1080.15 1733.55 -115.824 402.522 553.972 
-0.900106 -667.079 1536.58 -469.906 -2735.26 1083.55 1738.94 -116.228 403.771 555.745 
-0.902928 -669.151 1541.37 -471.367 -2743.74 1086.94 1744.32 -116.633 405.02 557.518 
-0.905751 -671.223 1546.15 -472.829 -2752.22 1090.34 1749.71 -117.037 406.269 559.29 
-0.908574 -673.294 1550.94 -474.29 -2760.7 1093.73 1755.1 -117.442 407.518 561.063 
-0.911396 -675.366 1555.72 -475.752 -2769.17 1097.13 1760.49 -117.846 408.767 562.836 
-0.914219 -677.437 1560.51 -477.213 -2777.65 1100.53 1765.87 -118.251 410.017 564.609 
-0.917042 -679.509 1565.29 -478.674 -2786.13 1103.92 1771.26 -118.655 411.266 566.383 
-0.919864 -681.581 1570.08 -480.136 -2794.61 1107.32 1776.65 -119.06 412.515 568.156 
-0.922687 -683.652 1574.86 -481.597 -2803.09 1110.72 1782.03 -119.464 413.765 569.93 
-0.92551 -685.724 1579.65 -483.059 -2811.57 1114.11 1787.42 -119.869 415.014 571.703 
-0.928332 -687.795 1584.43 -484.52 -2820.05 1117.51 1792.81 -120.273 416.264 573.477 
-0.931155 -689.867 1589.22 -485.982 -2828.53 1120.9 1798.2 -120.678 417.513 575.25 
-0.933978 -691.939 1594 -487.443 -2837.01 1124.3 1803.58 -121.083 418.763 577.024 
-0.936801 -694.01 1598.79 -488.905 -2845.49 1127.7 1808.97 -121.487 420.013 578.798 
-0.939624 -696.082 1603.58 -490.366 -2853.97 1131.09 1814.36 -121.892 421.263 580.572 
-0.942447 -698.154 1608.36 -491.828 -2862.45 1134.49 1819.74 -122.297 422.513 582.346 
-0.94527 -700.225 1613.15 -493.289 -2870.93 1137.89 1825.13 -122.701 423.762 584.121 
-0.948093 -702.297 1617.93 -494.751 -2879.41 1141.28 1830.52 -123.106 425.012 585.895 
-0.950916 -704.369 1622.72 -496.212 -2887.89 1144.68 1835.91 -123.511 426.263 587.67 
-0.953739 -706.44 1627.5 -497.673 -2896.37 1148.08 1841.29 -123.915 427.513 589.444 
-0.956562 -708.512 1632.29 -499.135 -2904.85 1151.47 1846.68 -124.32 428.763 591.219 
-0.959385 -710.583 1637.07 -500.596 -2913.33 1154.87 1852.07 -124.725 430.013 592.993 
-0.962208 -712.655 1641.86 -502.058 -2921.81 1158.27 1857.45 -125.129 431.263 594.768 
-0.965031 -714.727 1646.64 -503.519 -2930.29 1161.67 1862.84 -125.534 432.514 596.543 
-0.967854 -716.798 1651.43 -504.981 -2938.77 1165.06 1868.23 -125.939 433.764 598.318 
-0.970677 -718.87 1656.21 -506.442 -2947.25 1168.46 1873.62 -126.343 435.015 600.093 
-0.9735 -720.942 1661 -507.904 -2955.73 1171.86 1879 -126.748 436.265 601.868 
-0.976324 -723.013 1665.79 -509.365 -2964.21 1175.25 1884.39 -127.153 437.516 603.644 
-0.979147 -725.085 1670.57 -510.827 -2972.69 1178.65 1889.78 -127.558 438.767 605.419 
-0.98197 -727.157 1675.36 -512.288 -2981.17 1182.05 1895.16 -127.962 440.017 607.195 
-0.984793 -729.228 1680.14 -513.75 -2989.65 1185.44 1900.55 -128.367 441.268 608.97 
-0.987617 -731.3 1684.93 -515.211 -2998.13 1188.84 1905.94 -128.772 442.519 610.746 
-0.99044 -733.372 1689.71 -516.673 -3006.61 1192.24 1911.33 -129.177 443.77 612.521 
-0.993263 -735.443 1694.5 -518.134 -3015.09 1195.64 1916.71 -129.582 445.021 614.297 
-0.996087 -737.515 1699.28 -519.596 -3023.57 1199.03 1922.1 -129.986 446.272 616.073 
-0.99891 -739.587 1704.07 -521.057 -3032.05 1202.43 1927.49 -130.391 447.523 617.849 
-1.00173 -741.658 1708.86 -522.519 -3040.53 1205.83 1932.87 -130.796 448.774 619.625 
-1.00456 -743.73 1713.64 -523.98 -3049.01 1209.22 1938.26 -131.201 450.025 621.401 
-1.00738 -745.801 1718.43 -525.442 -3057.49 1212.62 1943.65 -131.606 451.276 623.178 
-1.0102 -747.873 1723.21 -526.903 -3065.97 1216.02 1949.04 -132.011 452.528 624.954 
-1.01303 -749.945 1728 -528.365 -3074.45 1219.42 1954.42 -132.415 453.779 626.73 
-1.01585 -752.016 1732.78 -529.826 -3082.93 1222.81 1959.81 -132.82 455.03 628.507 
-1.01867 -754.088 1737.57 -531.288 -3091.41 1226.21 1965.2 -133.225 456.282 630.284 
-1.0215 -756.16 1742.36 -532.749 -3099.89 1229.61 1970.59 -133.63 457.533 632.06 
-1.02432 -758.231 1747.14 -534.211 -3108.37 1233.01 1975.97 -134.035 458.785 633.837 
-1.02715 -760.303 1751.93 -535.672 -3116.85 1236.4 1981.36 -134.44 460.037 635.614 
-1.02997 -762.375 1756.71 -537.134 -3125.33 1239.8 1986.75 -134.845 461.288 637.391 
-1.03279 -764.447 1761.5 -538.595 -3133.81 1243.2 1992.13 -135.25 462.54 639.168 
-1.03562 -766.518 1766.28 -540.057 -3142.29 1246.6 1997.52 -135.655 463.792 640.945 
-1.03844 -768.59 1771.07 -541.518 -3150.77 1249.99 2002.91 -136.059 465.043 642.722 
-1.04126 -770.662 1775.86 -542.98 -3159.25 1253.39 2008.3 -136.464 466.295 644.499 
-1.04409 -772.733 1780.64 -544.441 -3167.73 1256.79 2013.68 -136.869 467.547 646.276 
-1.04691 -774.805 1785.43 -545.903 -3176.21 1260.19 2019.07 -137.274 468.799 648.054 
-1.04973 -776.877 1790.21 -547.364 -3184.69 1263.58 2024.46 -137.679 470.051 649.831 
-1.05256 -778.948 1795 -548.826 -3193.17 1266.98 2029.84 -138.084 471.303 651.609 
-1.05538 -781.02 1799.78 -550.287 -3201.65 1270.38 2035.23 -138.489 472.555 653.387 
-1.05821 -783.092 1804.57 -551.749 -3210.13 1273.78 2040.62 -138.894 473.808 655.164 
-1.06103 -785.163 1809.36 -553.21 -3218.61 1277.17 2046.01 -139.299 475.06 656.942 
-1.06385 -787.235 1814.14 -554.672 -3227.09 1280.57 2051.39 -139.704 476.312 658.72 
-1.06668 -789.307 1818.93 -556.133 -3235.57 1283.97 2056.78 -140.109 477.564 660.498 
-1.0695 -791.378 1823.71 -557.595 -3244.05 1287.37 2062.17 -140.514 478.817 662.276 
-1.07233 -793.45 1828.5 -559.056 -3252.53 1290.77 2067.55 -140.919 480.069 664.054 
-1.07515 -795.522 1833.29 -560.518 -3261.01 1294.16 2072.94 -141.324 481.322 665.832 
-1.07797 -797.593 1838.07 -561.979 -3269.49 1297.56 2078.33 -141.729 482.574 667.61 
-1.0808 -799.665 1842.86 -563.441 -3277.97 1300.96 2083.72 -142.134 483.827 669.389 
-1.08362 -801.737 1847.64 -564.902 -3286.45 1304.36 2089.1 -142.539 485.079 671.167 
-1.08645 -803.809 1852.43 -566.364 -3294.93 1307.76 2094.49 -142.944 486.332 672.946 
-1.08927 -805.88 1857.22 -567.825 -3303.41 1311.15 2099.88 -143.35 487.585 674.724 
-1.09209 -807.952 1862 -569.287 -3311.89 1314.55 2105.27 -143.755 488.837 676.503 
-1.09492 -810.024 1866.79 -570.748 -3320.37 1317.95 2110.65 -144.16 490.09 678.281 
-1.09774 -812.095 1871.57 -572.21 -3328.85 1321.35 2116.04 -144.565 491.343 680.06 
-1.10057 -814.167 1876.36 -573.672 -3337.33 1324.75 2121.43 -144.97 492.596 681.839 
-1.10339 -816.239 1881.15 -575.133 -3345.81 1328.14 2126.81 -145.375 493.849 683.618 
-1.10621 -818.31 1885.93 -576.595 -3354.29 1331.54 2132.2 -145.78 495.102 685.397 
-1.10904 -820.382 1890.72 -578.056 -3362.77 1334.94 2137.59 -146.185 496.355 687.176 
-1.11186 -822.454 1895.5 -579.518 -3371.25 1338.34 2142.98 -146.59 497.608 688.955 
-1.11469 -824.526 1900.29 -580.979 -3379.73 1341.74 2148.36 -146.995 498.861 690.734 
-1.11751 -826.597 1905.08 -582.441 -3388.21 1345.13 2153.75 -147.401 500.114 692.514 
-1.12034 -828.669 1909.86 -583.902 -3396.69 1348.53 2159.14 -147.806 501.367 694.293 
-1.12316 -830.741 1914.65 -585.364 -3405.17 1351.93 2164.53 -148.211 502.621 696.072 
-1.12598 -832.812 1919.43 -586.825 -3413.65 1355.33 2169.91 -148.616 503.874 697.852 
-1.12881 -834.884 1924.22 -588.287 -3422.13 1358.73 2175.3 -149.021 505.127 699.631 
-1.13163 -836.956 1929.01 -589.748 -3430.61 1362.13 2180.69 -149.426 506.381 701.411 
-1.13446 -839.028 1933.79 -591.21 -3439.09 1365.52 2186.07 -149.832 507.634 703.19 
-1.13728 -841.099 1938.58 -592.671 -3447.57 1368.92 2191.46 -150.237 508.888 704.97 
-1.14011 -843.171 1943.37 -594.133 -3456.05 1372.32 2196.85 -150.642 510.141 706.75 
-1.14293 -845.243 1948.15 -595.595 -3464.53 1375.72 2202.24 -151.047 511.395 708.53 
-1.14575 -847.314 1952.94 -597.056 -3473.01 1379.12 2207.62 -151.452 512.648 710.31 
-1.14858 -849.386 1957.72 -598.518 -3481.49 1382.52 2213.01 -151.858 513.902 712.09 
-1.1514 -851.458 1962.51 -599.979 -3489.97 1385.91 2218.4 -152.263 515.156 713.87 
-1.15423 -853.53 1967.3 -601.441 -3498.45 1389.31 2223.79 -152.668 516.409 715.65 
-1.15705 -855.601 1972.08 -602.902 -3506.93 1392.71 2229.17 -153.073 517.663 717.43 
-1.15988 -857.673 1976.87 -604.364 -3515.41 1396.11 2234.56 -153.478 518.917 719.21 
-1.1627 -859.745 1981.66 -605.825 -3523.89 1399.51 2239.95 -153.884 520.171 720.991 
-1.16553 -861.817 1986.44 -607.287 -3532.37 1402.91 2245.33 -154.289 521.425 722.771 
-1.16835 -863.888 1991.23 -608.749 -3540.85 1406.31 2250.72 -154.694 522.678 724.552 
-1.17118 -865.96 1996.01 -610.21 -3549.33 1409.7 2256.11 -155.099 523.932 726.332 
-1.174 -868.032 2000.8 -611.672 -3557.81 1413.1 2261.5 -155.505 525.186 728.113 
-1.17682 -870.103 2005.59 -613.133 -3566.29 1416.5 2266.88 -155.91 526.44 729.893 
-1.17965 -872.175 2010.37 -614.595 -3574.77 1419.9 2272.27 -156.315 527.694 731.674 
-1.18247 -874.247 2015.16 -616.056 -3583.25 1423.3 2277.66 -156.721 528.949 733.455 
-1.1853 -876.319 2019.95 -617.518 -3591.73 1426.7 2283.04 -157.126 530.203 735.236 
-1.18812 -878.39 2024.73 -618.979 -3600.21 1430.1 2288.43 -157.531 531.457 737.016 
-1.19095 -880.462 2029.52 -620.441 -3608.69 1433.5 2293.82 -157.936 532.711 738.797 
-1.19377 -882.534 2034.3 -621.902 -3617.17 1436.89 2299.21 -158.342 533.965 740.578 
-1.1966 -884.606 2039.09 -623.364 -3625.65 1440.29 2304.59 -158.747 535.22 742.359 
-1.19942 -886.677 2043.88 -624.826 -3634.13 1443.69 2309.98 -159.152 536.474 744.141 
-1.20225 -888.749 2048.66 -626.287 -3642.61 1447.09 2315.37 -159.558 537.729 745.922 
-1.20507 -890.821 2053.45 -627.749 -3651.09 1450.49 2320.76 -159.963 538.983 747.703 
-1.2079 -892.893 2058.24 -629.21 -3659.57 1453.89 2326.14 -160.368 540.237 749.484 
-1.21072 -894.964 2063.02 -630.672 -3668.05 1457.29 2331.53 -160.774 541.492 751.266 
-1.21355 -897.036 2067.81 -632.133 -3676.53 1460.69 2336.92 -161.179 542.746 753.047 
-1.21637 -899.108 2072.6 -633.595 -3685.01 1464.08 2342.31 -161.584 544.001 754.829 
-1.2192 -901.18 2077.38 -635.057 -3693.49 1467.48 2347.69 -161.99 545.256 756.61 
-1.22202 -903.251 2082.17 -636.518 -3701.97 1470.88 2353.08 -162.395 546.51 758.392 
-1.22484 -905.323 2086.96 -637.98 -3710.45 1474.28 2358.47 -162.801 547.765 760.173 
-1.22767 -907.395 2091.74 -639.441 -3718.93 1477.68 2363.85 -163.206 549.02 761.955 
-1.23049 -909.467 2096.53 -640.903 -3727.41 1481.08 2369.24 -163.611 550.274 763.737 
-1.23332 -911.538 2101.31 -642.364 -3735.89 1484.48 2374.63 -164.017 551.529 765.519 
-1.23614 -913.61 2106.1 -643.826 -3744.37 1487.88 2380.02 -164.422 552.784 767.301 
-1.23897 -915.682 2110.89 -645.288 -3752.85 1491.28 2385.4 -164.828 554.039 769.082 
-1.24179 -917.754 2115.67 -646.749 -3761.33 1494.68 2390.79 -165.233 555.294 770.864 
-1.24462 -919.825 2120.46 -648.211 -3769.81 1498.07 2396.18 -165.638 556.549 772.647 
-1.24744 -921.897 2125.25 -649.672 -3778.29 1501.47 2401.57 -166.044 557.804 774.429 
-1.25027 -923.969 2130.03 -651.134 -3786.77 1504.87 2406.95 -166.449 559.059 776.211 
-1.25309 -926.041 2134.82 -652.595 -3795.25 1508.27 2412.34 -166.855 560.314 777.993 
-1.25592 -928.112 2139.61 -654.057 -3803.73 1511.67 2417.73 -167.26 561.569 779.775 
-1.25874 -930.184 2144.39 -655.519 -3812.21 1515.07 2423.11 -167.665 562.824 781.558 
-1.26157 -932.256 2149.18 -656.98 -3820.69 1518.47 2428.5 -168.071 564.079 783.34 
-1.26439 -934.328 2153.97 -658.442 -3829.17 1521.87 2433.89 -168.476 565.334 785.122 
-1.26722 -936.399 2158.75 -659.903 -3837.65 1525.27 2439.28 -168.882 566.59 786.905 
-1.27004 -938.471 2163.54 -661.365 -3846.13 1528.67 2444.66 -169.287 567.845 788.687 
-1.27287 -940.543 2168.33 -662.826 -3854.61 1532.07 2450.05 -169.693 569.1 790.47 
-1.27569 -942.615 2173.11 -664.288 -3863.09 1535.47 2455.44 -170.098 570.355 792.253 
-1.27852 -944.686 2177.9 -665.75 -3871.57 1538.87 2460.83 -170.504 571.611 794.035 
-1.28134 -946.758 2182.69 -667.211 -3880.05 1542.26 2466.21 -170.909 572.866 795.818 
-1.28417 -948.83 2187.47 -668.673 -3888.53 1545.66 2471.6 -171.315 574.122 797.601 
-1.287 -950.902 2192.26 -670.134 -3897.01 1549.06 2476.99 -171.72 575.377 799.384 
-1.28982 -952.974 2197.05 -671.596 -3905.49 1552.46 2482.37 -172.126 576.632 801.167 
-1.29265 -955.045 2201.83 -673.058 -3913.97 1555.86 2487.76 -172.531 577.888 802.95 
-1.29547 -957.117 2206.62 -674.519 -3922.45 1559.26 2493.15 -172.937 579.144 804.733 
-1.2983 -959.189 2211.41 -675.981 -3930.93 1562.66 2498.54 -173.342 580.399 806.516 
-1.30112 -961.261 2216.19 -677.442 -3939.41 1566.06 2503.92 -173.748 581.655 808.299 
-1.30395 -963.332 2220.98 -678.904 -3947.89 1569.46 2509.31 -174.153 582.91 810.082 
-1.30677 -965.404 2225.77 -680.365 -3956.37 1572.86 2514.7 -174.559 584.166 811.865 
-1.3096 -967.476 2230.55 -681.827 -3964.85 1576.26 2520.09 -174.964 585.422 813.649 
-1.31242 -969.548 2235.34 -683.289 -3973.34 1579.66 2525.47 -175.37 586.678 815.432 
-1.31525 -971.619 2240.13 -684.75 -3981.82 1583.06 2530.86 -175.775 587.933 817.215 
-1.31807 -973.691 2244.91 -686.212 -3990.3 1586.46 2536.25 -176.181 589.189 818.999 
-1.3209 -975.763 2249.7 -687.673 -3998.78 1589.86 2541.64 -176.587 590.445 820.782 
-1.32372 -977.835 2254.49 -689.135 -4007.26 1593.26 2547.02 -176.992 591.701 822.566 
-1.32655 -979.907 2259.27 -690.597 -4015.74 1596.66 2552.41 -177.398 592.957 824.349 
-1.32937 -981.978 2264.06 -692.058 -4024.22 1600.06 2557.8 -177.803 594.213 826.133 
-1.3322 -984.05 2268.85 -693.52 -4032.7 1603.45 2563.18 -178.209 595.469 827.916 
-1.33503 -986.122 2273.63 -694.981 -4041.18 1606.85 2568.57 -178.614 596.725 829.7 
-1.33785 -988.194 2278.42 -696.443 -4049.66 1610.25 2573.96 -179.02 597.981 831.484 
-1.34068 -990.265 2283.21 -697.905 -4058.14 1613.65 2579.35 -179.426 599.237 833.268 
-1.3435 -992.337 2287.99 -699.366 -4066.62 1617.05 2584.73 -179.831 600.493 835.052 
-1.34633 -994.409 2292.78 -700.828 -4075.1 1620.45 2590.12 -180.237 601.749 836.836 
-1.34915 -996.481 2297.57 -702.289 -4083.58 1623.85 2595.51 -180.642 603.005 838.619 
-1.35198 -998.553 2302.35 -703.751 -4092.06 1627.25 2600.9 -181.048 604.261 840.403 
-1.3548 -1000.62 2307.14 -705.213 -4100.54 1630.65 2606.28 -181.454 605.517 842.188 
-1.35763 -1002.7 2311.93 -706.674 -4109.02 1634.05 2611.67 -181.859 606.774 843.972 
-1.36045 -1004.77 2316.71 -708.136 -4117.5 1637.45 2617.06 -182.265 608.03 845.756 
-1.36328 -1006.84 2321.5 -709.597 -4125.98 1640.85 2622.45 -182.67 609.286 847.54 
-1.36611 -1008.91 2326.29 -711.059 -4134.46 1644.25 2627.83 -183.076 610.543 849.324 
-1.36893 -1010.98 2331.08 -712.521 -4142.94 1647.65 2633.22 -183.482 611.799 851.108 
-1.37176 -1013.06 2335.86 -713.982 -4151.42 1651.05 2638.61 -183.887 613.055 852.893 
-1.37458 -1015.13 2340.65 -715.444 -4159.9 1654.45 2643.99 -184.293 614.312 854.677 
-1.37741 -1017.2 2345.44 -716.905 -4168.38 1657.85 2649.38 -184.699 615.568 856.462 
-1.38023 -1019.27 2350.22 -718.367 -4176.86 1661.25 2654.77 -185.104 616.825 858.246 
-1.38306 -1021.34 2355.01 -719.829 -4185.34 1664.65 2660.16 -185.51 618.081 860.031 
-1.38588 -1023.41 2359.8 -721.29 -4193.82 1668.05 2665.54 -185.916 619.338 861.815 
-1.38871 -1025.49 2364.58 -722.752 -4202.3 1671.45 2670.93 -186.321 620.594 863.6 
-1.39154 -1027.56 2369.37 -724.213 -4210.78 1674.85 2676.32 -186.727 621.851 865.384 
-1.39436 -1029.63 2374.16 -725.675 -4219.26 1678.25 2681.71 -187.133 623.107 867.169 
-1.39719 -1031.7 2378.94 -727.137 -4227.74 1681.65 2687.09 -187.538 624.364 868.954 
-1.40001 -1033.77 2383.73 -728.598 -4236.22 1685.05 2692.48 -187.944 625.621 870.739 
-1.40284 -1035.84 2388.52 -730.06 -4244.7 1688.45 2697.87 -188.35 626.877 872.523 
-1.40566 -1037.92 2393.31 -731.521 -4253.18 1691.85 2703.26 -188.755 628.134 874.308 
-1.40849 -1039.99 2398.09 -732.983 -4261.66 1695.25 2708.64 -189.161 629.391 876.093 
-1.41132 -1042.06 2402.88 -734.445 -4270.14 1698.65 2714.03 -189.567 630.648 877.878 
-1.41414 -1044.13 2407.67 -735.906 -4278.62 1702.05 2719.42 -189.972 631.904 879.663 
-1.41697 -1046.2 2412.45 -737.368 -4287.1 1705.45 2724.8 -190.378 633.161 881.448 
-1.41979 -1048.28 2417.24 -738.83 -4295.59 1708.85 2730.19 -190.784 634.418 883.233 
-1.42262 -1050.35 2422.03 -740.291 -4304.07 1712.25 2735.58 -191.19 635.675 885.018 
-1.42544 -1052.42 2426.81 -741.753 -4312.55 1715.65 2740.97 -191.595 636.932 886.803 
-1.42827 -1054.49 2431.6 -743.214 -4321.03 1719.05 2746.35 -192.001 638.189 888.589 
-1.4311 -1056.56 2436.39 -744.676 -4329.51 1722.45 2751.74 -192.407 639.446 890.374 
-1.43392 -1058.63 2441.18 -746.138 -4337.99 1725.85 2757.13 -192.813 640.703 892.159 
-1.43675 -1060.71 2445.96 -747.599 -4346.47 1729.25 2762.52 -193.218 641.96 893.945 
-1.43957 -1062.78 2450.75 -749.061 -4354.95 1732.65 2767.9 -193.624 643.217 895.73 
-1.4424 -1064.85 2455.54 -750.522 -4363.43 1736.05 2773.29 -194.03 644.474 897.515 
-1.44522 -1066.92 2460.32 -751.984 -4371.91 1739.45 2778.68 -194.436 645.731 899.301 
-1.44805 -1068.99 2465.11 -753.446 -4380.39 1742.85 2784.07 -194.841 646.988 901.086 
-1.45088 -1071.07 2469.9 -754.907 -4388.87 1746.25 2789.45 -195.247 648.245 902.872 
-1.4537 -1073.14 2474.68 -756.369 -4397.35 1749.65 2794.84 -195.653 649.502 904.657 
-1.45653 -1075.21 2479.47 -757.831 -4405.83 1753.05 2800.23 -196.059 650.76 906.443 
-1.45935 -1077.28 2484.26 -759.292 -4414.31 1756.45 2805.62 -196.464 652.017 908.229 
-1.46218 -1079.35 2489.05 -760.754 -4422.79 1759.85 2811 -196.87 653.274 910.014 
-1.46501 -1081.42 2493.83 -762.215 -4431.27 1763.25 2816.39 -197.276 654.531 911.8 
-1.46783 -1083.5 2498.62 -763.677 -4439.75 1766.65 2821.78 -197.682 655.789 913.586 
-1.47066 -1085.57 2503.41 -765.139 -4448.23 1770.05 2827.16 -198.087 657.046 915.372 
-1.47348 -1087.64 2508.19 -766.6 -4456.71 1773.45 2832.55 -198.493 658.303 917.158 
-1.47631 -1089.71 2512.98 -768.062 -4465.19 1776.85 2837.94 -198.899 659.561 918.943 
-1.47914 -1091.78 2517.77 -769.524 -4473.67 1780.25 2843.33 -199.305 660.818 920.729 
-1.48196 -1093.86 2522.56 -770.985 -4482.15 1783.65 2848.71 -199.711 662.076 922.515 
-1.48479 -1095.93 2527.34 -772.447 -4490.63 1787.05 2854.1 -200.116 663.333 924.301 
-1.48761 -1098 2532.13 -773.908 -4499.11 1790.45 2859.49 -200.522 664.59 926.087 
-1.49044 -1100.07 2536.92 -775.37 -4507.59 1793.85 2864.88 -200.928 665.848 927.874 
-1.49327 -1102.14 2541.7 -776.832 -4516.07 1797.25 2870.26 -201.334 667.106 929.66 
-1.49609 -1104.21 2546.49 -778.293 -4524.55 1800.65 2875.65 -201.74 668.363 931.446 
-1.49892 -1106.29 2551.28 -779.755 -4533.03 1804.06 2881.04 -202.146 669.621 933.232 
-1.50174 -1108.36 2556.07 -781.217 -4541.51 1807.46 2886.43 -202.551 670.878 935.018 
-1.50457 -1110.43 2560.85 -782.678 -4550 1810.86 2891.81 -202.957 672.136 936.805 
-1.5074 -1112.5 2565.64 -784.14 -4558.48 1814.26 2897.2 -203.363 673.394 938.591 
-1.51022 -1114.57 2570.43 -785.602 -4566.96 1817.66 2902.59 -203.769 674.651 940.377 
-1.51305 -1116.65 2575.21 -787.063 -4575.44 1821.06 2907.98 -204.175 675.909 942.164 
-1.51587 -1118.72 2580 -788.525 -4583.92 1824.46 2913.36 -204.581 677.167 943.95 
-1.5187 -1120.79 2584.79 -789.986 -4592.4 1827.86 2918.75 -204.987 678.424 945.737 
-1.52153 -1122.86 2589.58 -791.448 -4600.88 1831.26 2924.14 -205.392 679.682 947.523 
-1.52435 -1124.93 2594.36 -792.91 -4609.36 1834.66 2929.52 -205.798 680.94 949.31 
-1.52718 -1127 2599.15 -794.371 -4617.84 1838.06 2934.91 -206.204 682.198 951.096 
-1.53 -1129.08 2603.94 -795.833 -4626.32 1841.46 2940.3 -206.61 683.456 952.883 
-1.53283 -1131.15 2608.72 -797.295 -4634.8 1844.86 2945.69 -207.016 684.713 954.67 
-1.53566 -1133.22 2613.51 -798.756 -4643.28 1848.26 2951.07 -207.422 685.971 956.456 
-1.53848 -1135.29 2618.3 -800.218 -4651.76 1851.66 2956.46 -207.828 687.229 958.243 
-1.54131 -1137.36 2623.09 -801.68 -4660.24 1855.06 2961.85 -208.234 688.487 960.03 
-1.54414 -1139.44 2627.87 -803.141 -4668.72 1858.46 2967.24 -208.639 689.745 961.817 
-1.54696 -1141.51 2632.66 -804.603 -4677.2 1861.86 2972.62 -209.045 691.003 963.603 
-1.54979 -1143.58 2637.45 -806.064 -4685.68 1865.26 2978.01 -209.451 692.261 965.39 
-1.55261 -1145.65 2642.24 -807.526 -4694.16 1868.66 2983.4 -209.857 693.519 967.177 
-1.55544 -1147.72 2647.02 -808.988 -4702.64 1872.07 2988.79 -210.263 694.777 968.964 
-1.55827 -1149.79 2651.81 -810.449 -4711.12 1875.47 2994.17 -210.669 696.035 970.751 
-1.56109 -1151.87 2656.6 -811.911 -4719.6 1878.87 2999.56 -211.075 697.293 972.538 
-1.56392 -1153.94 2661.38 -813.373 -4728.08 1882.27 3004.95 -211.481 698.551 974.325 
-1.56675 -1156.01 2666.17 -814.834 -4736.56 1885.67 3010.34 -211.887 699.809 976.112 
-1.56957 -1158.08 2670.96 -816.296 -4745.04 1889.07 3015.72 -212.293 701.068 977.899 
-1.5724 -1160.15 2675.75 -817.758 -4753.52 1892.47 3021.11 -212.698 702.326 979.687 
-1.57522 -1162.23 2680.53 -819.219 -4762.01 1895.87 3026.5 -213.104 703.584 981.474 
-1.57805 -1164.3 2685.32 -820.681 -4770.49 1899.27 3031.89 -213.51 704.842 983.261 
-1.58088 -1166.37 2690.11 -822.142 -4778.97 1902.67 3037.27 -213.916 706.1 985.048 
-1.5837 -1168.44 2694.9 -823.604 -4787.45 1906.07 3042.66 -214.322 707.359 986.836 
-1.58653 -1170.51 2699.68 -825.066 -4795.93 1909.47 3048.05 -214.728 708.617 988.623 
-1.58936 -1172.58 2704.47 -826.527 -4804.41 1912.87 3053.43 -215.134 709.875 990.41 
-1.59218 -1174.66 2709.26 -827.989 -4812.89 1916.27 3058.82 -215.54 711.134 992.198 
-1.59501 -1176.73 2714.05 -829.451 -4821.37 1919.68 3064.21 -215.946 712.392 993.985 
-1.59784 -1178.8 2718.83 -830.912 -4829.85 1923.08 3069.6 -216.352 713.65 995.773 
-1.60066 -1180.87 2723.62 -832.374 -4838.33 1926.48 3074.98 -216.758 714.909 997.56 
-1.60349 -1182.94 2728.41 -833.836 -4846.81 1929.88 3080.37 -217.164 716.167 999.348 
-1.60631 -1185.02 2733.19 -835.297 -4855.29 1933.28 3085.76 -217.57 717.425 1001.14 
-1.60914 -1187.09 2737.98 -836.759 -4863.77 1936.68 3091.15 -217.976 718.684 1002.92 
-1.61197 -1189.16 2742.77 -838.221 -4872.25 1940.08 3096.53 -218.382 719.942 1004.71 
-1.61479 -1191.23 2747.56 -839.682 -4880.73 1943.48 3101.92 -218.788 721.201 1006.5 
-1.61762 -1193.3 2752.34 -841.144 -4889.21 1946.88 3107.31 -219.194 722.459 1008.29 
-1.62045 -1195.38 2757.13 -842.606 -4897.69 1950.28 3112.7 -219.6 723.718 1010.07 
-1.62327 -1197.45 2761.92 -844.067 -4906.17 1953.68 3118.08 -220.006 724.976 1011.86 
-1.6261 -1199.52 2766.71 -845.529 -4914.65 1957.08 3123.47 -220.412 726.235 1013.65 
-1.62893 -1201.59 2771.49 -846.991 -4923.13 1960.49 3128.86 -220.818 727.494 1015.44 
-1.63175 -1203.66 2776.28 -848.452 -4931.61 1963.89 3134.25 -221.224 728.752 1017.22 
-1.63458 -1205.73 2781.07 -849.914 -4940.09 1967.29 3139.63 -221.63 730.011 1019.01 
-1.63741 -1207.81 2785.86 -851.375 -4948.57 1970.69 3145.02 -222.036 731.27 1020.8 
-1.64023 -1209.88 2790.64 -852.837 -4957.06 1974.09 3150.41 -222.442 732.528 1022.59 
-1.64306 -1211.95 2795.43 -854.299 -4965.54 1977.49 3155.8 -222.848 733.787 1024.38 
-1.64588 -1214.02 2800.22 -855.76 -4974.02 1980.89 3161.18 -223.254 735.046 1026.16 
-1.64871 -1216.09 2805.01 -857.222 -4982.5 1984.29 3166.57 -223.66 736.304 1027.95 
-1.65154 -1218.17 2809.79 -858.684 -4990.98 1987.69 3171.96 -224.066 737.563 1029.74 
-1.65436 -1220.24 2814.58 -860.145 -4999.46 1991.09 3177.35 -224.472 738.822 1031.53 
-1.65719 -1222.31 2819.37 -861.607 -5007.94 1994.49 3182.73 -224.878 740.081 1033.32 
-1.66002 -1224.38 2824.16 -863.069 -5016.42 1997.9 3188.12 -225.284 741.339 1035.11 
-1.66284 -1226.45 2828.94 -864.53 -5024.9 2001.3 3193.51 -225.69 742.598 1036.89 
-1.66567 -1228.52 2833.73 -865.992 -5033.38 2004.7 3198.89 -226.096 743.857 1038.68 
-1.6685 -1230.6 2838.52 -867.454 -5041.86 2008.1 3204.28 -226.502 745.116 1040.47 
-1.67132 -1232.67 2843.31 -868.915 -5050.34 2011.5 3209.67 -226.908 746.375 1042.26 
-1.67415 -1234.74 2848.09 -870.377 -5058.82 2014.9 3215.06 -227.314 747.634 1044.05 
-1.67698 -1236.81 2852.88 -871.839 -5067.3 2018.3 3220.44 -227.72 748.893 1045.83 
-1.6798 -1238.88 2857.67 -873.3 -5075.78 2021.7 3225.83 -228.126 750.152 1047.62 
-1.68263 -1240.96 2862.46 -874.762 -5084.26 2025.1 3231.22 -228.532 751.411 1049.41 
-1.68546 -1243.03 2867.24 -876.224 -5092.74 2028.51 3236.61 -228.938 752.67 1051.2 
-1.68828 -1245.1 2872.03 -877.685 -5101.22 2031.91 3241.99 -229.344 753.929 1052.99 
-1.69111 -1247.17 2876.82 -879.147 -5109.7 2035.31 3247.38 -229.75 755.188 1054.78 
-1.69394 -1249.24 2881.61 -880.609 -5118.18 2038.71 3252.77 -230.156 756.447 1056.57 
-1.69676 -1251.32 2886.39 -882.07 -5126.66 2042.11 3258.16 -230.562 757.706 1058.35 
-1.69959 -1253.39 2891.18 -883.532 -5135.14 2045.51 3263.54 -230.969 758.965 1060.14 
-1.70242 -1255.46 2895.97 -884.994 -5143.63 2048.91 3268.93 -231.375 760.224 1061.93 
-1.70524 -1257.53 2900.76 -886.455 -5152.11 2052.31 3274.32 -231.781 761.483 1063.72 
-1.70807 -1259.6 2905.54 -887.917 -5160.59 2055.71 3279.71 -232.187 762.742 1065.51 
-1.7109 -1261.67 2910.33 -889.379 -5169.07 2059.12 3285.09 -232.593 764.001 1067.3 
-1.71372 -1263.75 2915.12 -890.84 -5177.55 2062.52 3290.48 -232.999 765.261 1069.09 
-1.71655 -1265.82 2919.91 -892.302 -5186.03 2065.92 3295.87 -233.405 766.52 1070.88 
-1.71938 -1267.89 2924.69 -893.764 -5194.51 2069.32 3301.26 -233.811 767.779 1072.66 
-1.7222 -1269.96 2929.48 -895.225 -5202.99 2072.72 3306.64 -234.217 769.038 1074.45 
-1.72503 -1272.03 2934.27 -896.687 -5211.47 2076.12 3312.03 -234.623 770.297 1076.24 
-1.72786 -1274.11 2939.06 -898.149 -5219.95 2079.52 3317.42 -235.029 771.557 1078.03 
-1.73068 -1276.18 2943.84 -899.61 -5228.43 2082.92 3322.81 -235.436 772.816 1079.82 
-1.73351 -1278.25 2948.63 -901.072 -5236.91 2086.33 3328.19 -235.842 774.075 1081.61 
-1.73634 -1280.32 2953.42 -902.534 -5245.39 2089.73 3333.58 -236.248 775.335 1083.4 
-1.73916 -1282.39 2958.21 -903.995 -5253.87 2093.13 3338.97 -236.654 776.594 1085.19 
-1.74199 -1284.47 2962.99 -905.457 -5262.35 2096.53 3344.36 -237.06 777.853 1086.98 
-1.74482 -1286.54 2967.78 -906.919 -5270.83 2099.93 3349.74 -237.466 779.113 1088.76 
-1.74764 -1288.61 2972.57 -908.38 -5279.31 2103.33 3355.13 -237.872 780.372 1090.55 
-1.75047 -1290.68 2977.36 -909.842 -5287.79 2106.73 3360.52 -238.278 781.632 1092.34 
-1.7533 -1292.75 2982.14 -911.304 -5296.27 2110.13 3365.9 -238.684 782.891 1094.13 
-1.75613 -1294.82 2986.93 -912.765 -5304.75 2113.54 3371.29 -239.091 784.15 1095.92 
-1.75895 -1296.9 2991.72 -914.227 -5313.24 2116.94 3376.68 -239.497 785.41 1097.71 
-1.76178 -1298.97 2996.51 -915.689 -5321.72 2120.34 3382.07 -239.903 786.669 1099.5 
-1.76461 -1301.04 3001.29 -917.15 -5330.2 2123.74 3387.45 -240.309 787.929 1101.29 
-1.76743 -1303.11 3006.08 -918.612 -5338.68 2127.14 3392.84 -240.715 789.188 1103.08 
-1.77026 -1305.18 3010.87 -920.074 -5347.16 2130.54 3398.23 -241.121 790.448 1104.87 
-1.77309 -1307.26 3015.66 -921.535 -5355.64 2133.94 3403.62 -241.527 791.707 1106.66 
-1.77591 -1309.33 3020.45 -922.997 -5364.12 2137.35 3409 -241.934 792.967 1108.45 
-1.77874 -1311.4 3025.23 -924.459 -5372.6 2140.75 3414.39 -242.34 794.227 1110.24 
-1.78157 -1313.47 3030.02 -925.92 -5381.08 2144.15 3419.78 -242.746 795.486 1112.02 
-1.78439 -1315.54 3034.81 -927.382 -5389.56 2147.55 3425.17 -243.152 796.746 1113.81 
-1.78722 -1317.61 3039.6 -928.844 -5398.04 2150.95 3430.55 -243.558 798.005 1115.6 
-1.79005 -1319.69 3044.38 -930.305 -5406.52 2154.35 3435.94 -243.964 799.265 1117.39 
-1.79287 -1321.76 3049.17 -931.767 -5415 2157.75 3441.33 -244.371 800.525 1119.18 
-1.7957 -1323.83 3053.96 -933.229 -5423.48 2161.16 3446.72 -244.777 801.784 1120.97 
-1.79853 -1325.9 3058.75 -934.69 -5431.96 2164.56 3452.1 -245.183 803.044 1122.76 
-1.80136 -1327.97 3063.53 -936.152 -5440.44 2167.96 3457.49 -245.589 804.304 1124.55 
-1.80418 -1330.05 3068.32 -937.614 -5448.92 2171.36 3462.88 -245.995 805.564 1126.34 
-1.80701 -1332.12 3073.11 -939.075 -5457.4 2174.76 3468.27 -246.401 806.823 1128.13 
-1.80984 -1334.19 3077.9 -940.537 -5465.88 2178.16 3473.65 -246.808 808.083 1129.92 
-1.81266 -1336.26 3082.69 -941.999 -5474.37 2181.56 3479.04 -247.214 809.343 1131.71 
-1.81549 -1338.33 3087.47 -943.461 -5482.85 2184.97 3484.43 -247.62 810.603 1133.5 
-1.81832 -1340.41 3092.26 -944.922 -5491.33 2188.37 3489.82 -248.026 811.862 1135.29 
-1.82114 -1342.48 3097.05 -946.384 -5499.81 2191.77 3495.2 -248.432 813.122 1137.08 
-1.82397 -1344.55 3101.84 -947.846 -5508.29 2195.17 3500.59 -248.839 814.382 1138.87 
-1.8268 -1346.62 3106.62 -949.307 -5516.77 2198.57 3505.98 -249.245 815.642 1140.66 
-1.82962 -1348.69 3111.41 -950.769 -5525.25 2201.97 3511.37 -249.651 816.902 1142.45 
-1.83245 -1350.77 3116.2 -952.231 -5533.73 2205.37 3516.75 -250.057 818.162 1144.24 
-1.83528 -1352.84 3120.99 -953.692 -5542.21 2208.78 3522.14 -250.463 819.422 1146.03 
-1.83811 -1354.91 3125.77 -955.154 -5550.69 2212.18 3527.53 -250.87 820.682 1147.82 
-1.84093 -1356.98 3130.56 -956.616 -5559.17 2215.58 3532.92 -251.276 821.942 1149.61 
-1.84376 -1359.05 3135.35 -958.077 -5567.65 2218.98 3538.3 -251.682 823.201 1151.4 
-1.84659 -1361.12 3140.14 -959.539 -5576.13 2222.38 3543.69 -252.088 824.461 1153.19 
-1.84941 -1363.2 3144.93 -961.001 -5584.61 2225.78 3549.08 -252.494 825.721 1154.98 
-1.85224 -1365.27 3149.71 -962.462 -5593.09 2229.19 3554.47 -252.901 826.981 1156.77 
-1.85507 -1367.34 3154.5 -963.924 -5601.57 2232.59 3559.85 -253.307 828.241 1158.56 
-1.8579 -1369.41 3159.29 -965.386 -5610.05 2235.99 3565.24 -253.713 829.501 1160.35 
-1.86072 -1371.48 3164.08 -966.847 -5618.53 2239.39 3570.63 -254.119 830.762 1162.14 
-1.86355 -1373.56 3168.86 -968.309 -5627.02 2242.79 3576.01 -254.526 832.022 1163.93 
-1.86638 -1375.63 3173.65 -969.771 -5635.5 2246.19 3581.4 -254.932 833.282 1165.72 
-1.8692 -1377.7 3178.44 -971.232 -5643.98 2249.6 3586.79 -255.338 834.542 1167.51 
-1.87203 -1379.77 3183.23 -972.694 -5652.46 2253 3592.18 -255.744 835.802 1169.3 
-1.87486 -1381.84 3188.02 -974.156 -5660.94 2256.4 3597.56 -256.15 837.062 1171.09 
-1.87768 -1383.92 3192.8 -975.618 -5669.42 2259.8 3602.95 -256.557 838.322 1172.88 
-1.88051 -1385.99 3197.59 -977.079 -5677.9 2263.2 3608.34 -256.963 839.582 1174.67 
-1.88334 -1388.06 3202.38 -978.541 -5686.38 2266.6 3613.73 -257.369 840.843 1176.46 
-1.88617 -1390.13 3207.17 -980.003 -5694.86 2270.01 3619.11 -257.775 842.103 1178.25 
-1.88899 -1392.2 3211.95 -981.464 -5703.34 2273.41 3624.5 -258.182 843.363 1180.04 
-1.89182 -1394.27 3216.74 -982.926 -5711.82 2276.81 3629.89 -258.588 844.623 1181.83 
-1.89465 -1396.35 3221.53 -984.388 -5720.3 2280.21 3635.28 -258.994 845.883 1183.62 
-1.89747 -1398.42 3226.32 -985.849 -5728.78 2283.61 3640.66 -259.4 847.144 1185.41 
-1.9003 -1400.49 3231.11 -987.311 -5737.26 2287.01 3646.05 -259.807 848.404 1187.2 
-1.90313 -1402.56 3235.89 -988.773 -5745.74 2290.42 3651.44 -260.213 849.664 1188.99 
-1.90596 -1404.63 3240.68 -990.234 -5754.22 2293.82 3656.83 -260.619 850.924 1190.79 
-1.90878 -1406.71 3245.47 -991.696 -5762.7 2297.22 3662.21 -261.026 852.185 1192.58 
-1.91161 -1408.78 3250.26 -993.158 -5771.18 2300.62 3667.6 -261.432 853.445 1194.37 
-1.91444 -1410.85 3255.05 -994.619 -5779.67 2304.02 3672.99 -261.838 854.705 1196.16 
-1.91727 -1412.92 3259.83 -996.081 -5788.15 2307.42 3678.38 -262.244 855.966 1197.95 
-1.92009 -1414.99 3264.62 -997.543 -5796.63 2310.83 3683.76 -262.651 857.226 1199.74 
-1.92292 -1417.07 3269.41 -999.005 -5805.11 2314.23 3689.15 -263.057 858.487 1201.53 
-1.92575 -1419.14 3274.2 -1000.47 -5813.59 2317.63 3694.54 -263.463 859.747 1203.32 
-1.92857 -1421.21 3278.98 -1001.93 -5822.07 2321.03 3699.93 -263.869 861.007 1205.11 
-1.9314 -1423.28 3283.77 -1003.39 -5830.55 2324.43 3705.31 -264.276 862.268 1206.9 
-1.93423 -1425.35 3288.56 -1004.85 -5839.03 2327.84 3710.7 -264.682 863.528 1208.69 
-1.93706 -1427.42 3293.35 -1006.31 -5847.51 2331.24 3716.09 -265.088 864.789 1210.48 
-1.93988 -1429.5 3298.14 -1007.77 -5855.99 2334.64 3721.48 -265.495 866.049 1212.27 
-1.94271 -1431.57 3302.92 -1009.24 -5864.47 2338.04 3726.86 -265.901 867.31 1214.06 
-1.94554 -1433.64 3307.71 -1010.7 -5872.95 2341.44 3732.25 -266.307 868.57 1215.86 
-1.94836 -1435.71 3312.5 -1012.16 -5881.43 2344.84 3737.64 -266.714 869.831 1217.65 
-1.95119 -1437.78 3317.29 -1013.62 -5889.91 2348.25 3743.03 -267.12 871.091 1219.44 
-1.95402 -1439.86 3322.08 -1015.08 -5898.39 2351.65 3748.41 -267.526 872.352 1221.23 
-1.95685 -1441.93 3326.86 -1016.54 -5906.87 2355.05 3753.8 -267.932 873.612 1223.02 
-1.95967 -1444 3331.65 -1018.01 -5915.35 2358.45 3759.19 -268.339 874.873 1224.81 
-1.9625 -1446.07 3336.44 -1019.47 -5923.84 2361.85 3764.58 -268.745 876.133 1226.6 
-1.96533 -1448.14 3341.23 -1020.93 -5932.32 2365.26 3769.96 -269.151 877.394 1228.39 
-1.96816 -1450.22 3346.01 -1022.39 -5940.8 2368.66 3775.35 -269.558 878.655 1230.18 
-1.97098 -1452.29 3350.8 -1023.85 -5949.28 2372.06 3780.74 -269.964 879.915 1231.97 
-1.97381 -1454.36 3355.59 -1025.32 -5957.76 2375.46 3786.13 -270.37 881.176 1233.77 
-1.97664 -1456.43 3360.38 -1026.78 -5966.24 2378.86 3791.51 -270.777 882.436 1235.56 
-1.97946 -1458.5 3365.17 -1028.24 -5974.72 2382.27 3796.9 -271.183 883.697 1237.35 
-1.98229 -1460.58 3369.95 -1029.7 -5983.2 2385.67 3802.29 -271.589 884.958 1239.14 
-1.98512 -1462.65 3374.74 -1031.16 -5991.68 2389.07 3807.68 -271.996 886.218 1240.93 
-1.98795 -1464.72 3379.53 -1032.62 -6000.16 2392.47 3813.06 -272.402 887.479 1242.72 
-1.99077 -1466.79 3384.32 -1034.09 -6008.64 2395.87 3818.45 -272.808 888.74 1244.51 
-1.9936 -1468.86 3389.11 -1035.55 -6017.12 2399.28 3823.84 -273.215 890.001 1246.3 
-1.99643 -1470.93 3393.89 -1037.01 -6025.6 2402.68 3829.23 -273.621 891.261 1248.09 
-1.99926 -1473.01 3398.68 -1038.47 -6034.08 2406.08 3834.61 -274.027 892.522 1249.89 
-2.00208 -1475.08 3403.47 -1039.93 -6042.56 2409.48 3840 -274.434 893.783 1251.68 
-2.00491 -1477.15 3408.26 -1041.39 -6051.04 2412.88 3845.39 -274.84 895.044 1253.47 
-2.00774 -1479.22 3413.05 -1042.86 -6059.53 2416.29 3850.78 -275.246 896.305 1255.26 
-2.01057 -1481.29 3417.83 -1044.32 -6068.01 2419.69 3856.16 -275.653 897.565 1257.05 
-2.01339 -1483.37 3422.62 -1045.78 -6076.49 2423.09 3861.55 -276.059 898.826 1258.84 
-2.01622 -1485.44 3427.41 -1047.24 -6084.97 2426.49 3866.94 -276.465 900.087 1260.63 
-2.01905 -1487.51 3432.2 -1048.7 -6093.45 2429.89 3872.33 -276.872 901.348 1262.43 
-2.02188 -1489.58 3436.99 -1050.16 -6101.93 2433.3 3877.71 -277.278 902.609 1264.22 
-2.0247 -1491.65 3441.77 -1051.63 -6110.41 2436.7 3883.1 -277.685 903.87 1266.01 
-2.02753 -1493.73 3446.56 -1053.09 -6118.89 2440.1 3888.49 -278.091 905.13 1267.8 
-2.03036 -1495.8 3451.35 -1054.55 -6127.37 2443.5 3893.88 -278.497 906.391 1269.59 
-2.03319 -1497.87 3456.14 -1056.01 -6135.85 2446.9 3899.26 -278.904 907.652 1271.38 
-2.03601 -1499.94 3460.93 -1057.47 -6144.33 2450.31 3904.65 -279.31 908.913 1273.17 
-2.03884 -1502.01 3465.71 -1058.93 -6152.81 2453.71 3910.04 -279.716 910.174 1274.97 
-2.04167 -1504.09 3470.5 -1060.4 -6161.29 2457.11 3915.43 -280.123 911.435 1276.76 
-2.04449 -1506.16 3475.29 -1061.86 -6169.77 2460.51 3920.81 -280.529 912.696 1278.55 
-2.04732 -1508.23 3480.08 -1063.32 -6178.25 2463.91 3926.2 -280.936 913.957 1280.34 
-2.05015 -1510.3 3484.87 -1064.78 -6186.73 2467.32 3931.59 -281.342 915.218 1282.13 
-2.05298 -1512.37 3489.65 -1066.24 -6195.22 2470.72 3936.97 -281.748 916.479 1283.92 
-2.0558 -1514.44 3494.44 -1067.7 -6203.7 2474.12 3942.36 -282.155 917.74 1285.72 
-2.05863 -1516.52 3499.23 -1069.17 -6212.18 2477.52 3947.75 -282.561 919.001 1287.51 
-2.06146 -1518.59 3504.02 -1070.63 -6220.66 2480.92 3953.14 -282.967 920.262 1289.3 
-2.06429 -1520.66 3508.81 -1072.09 -6229.14 2484.33 3958.52 -283.374 921.523 1291.09 
-2.06711 -1522.73 3513.59 -1073.55 -6237.62 2487.73 3963.91 -283.78 922.784 1292.88 
-2.06994 -1524.8 3518.38 -1075.01 -6246.1 2491.13 3969.3 -284.187 924.045 1294.67 
-2.07277 -1526.88 3523.17 -1076.47 -6254.58 2494.53 3974.69 -284.593 925.306 1296.47 
-2.0756 -1528.95 3527.96 -1077.94 -6263.06 2497.94 3980.07 -284.999 926.568 1298.26 
-2.07842 -1531.02 3532.75 -1079.4 -6271.54 2501.34 3985.46 -285.406 927.829 1300.05 
-2.08125 -1533.09 3537.53 -1080.86 -6280.02 2504.74 3990.85 -285.812 929.09 1301.84 
-2.08408 -1535.16 3542.32 -1082.32 -6288.5 2508.14 3996.24 -286.219 930.351 1303.63 
-2.08691 -1537.24 3547.11 -1083.78 -6296.98 2511.54 4001.62 -286.625 931.612 1305.43 
-2.08973 -1539.31 3551.9 -1085.24 -6305.46 2514.95 4007.01 -287.031 932.873 1307.22 
-2.09256 -1541.38 3556.69 -1086.71 -6313.94 2518.35 4012.4 -287.438 934.134 1309.01 
-2.09539 -1543.45 3561.47 -1088.17 -6322.42 2521.75 4017.79 -287.844 935.396 1310.8 
-2.09822 -1545.52 3566.26 -1089.63 -6330.91 2525.15 4023.17 -288.251 936.657 1312.59 
-2.10105 -1547.6 3571.05 -1091.09 -6339.39 2528.55 4028.56 -288.657 937.918 1314.39 
-2.10387 -1549.67 3575.84 -1092.55 -6347.87 2531.96 4033.95 -289.064 939.179 1316.18 
-2.1067 -1551.74 3580.63 -1094.02 -6356.35 2535.36 4039.34 -289.47 940.441 1317.97 
-2.10953 -1553.81 3585.41 -1095.48 -6364.83 2538.76 4044.72 -289.876 941.702 1319.76 
-2.11236 -1555.88 3590.2 -1096.94 -6373.31 2542.16 4050.11 -290.283 942.963 1321.55 
-2.11518 -1557.95 3594.99 -1098.4 -6381.79 2545.57 4055.5 -290.689 944.224 1323.35 
-2.11801 -1560.03 3599.78 -1099.86 -6390.27 2548.97 4060.89 -291.096 945.486 1325.14 
-2.12084 -1562.1 3604.57 -1101.32 -6398.75 2552.37 4066.27 -291.502 946.747 1326.93 
-2.12367 -1564.17 3609.35 -1102.79 -6407.23 2555.77 4071.66 -291.909 948.008 1328.72 
-2.12649 -1566.24 3614.14 -1104.25 -6415.71 2559.18 4077.05 -292.315 949.27 1330.51 
-2.12932 -1568.31 3618.93 -1105.71 -6424.19 2562.58 4082.44 -292.721 950.531 1332.31 
-2.13215 -1570.39 3623.72 -1107.17 -6432.67 2565.98 4087.82 -293.128 951.792 1334.1 
-2.13498 -1572.46 3628.51 -1108.63 -6441.15 2569.38 4093.21 -293.534 953.054 1335.89 
-2.1378 -1574.53 3633.29 -1110.09 -6449.63 2572.78 4098.6 -293.941 954.315 1337.68 
-2.14063 -1576.6 3638.08 -1111.56 -6458.12 2576.19 4103.99 -294.347 955.576 1339.48 
-2.14346 -1578.67 3642.87 -1113.02 -6466.6 2579.59 4109.37 -294.754 956.838 1341.27 
-2.14629 -1580.75 3647.66 -1114.48 -6475.08 2582.99 4114.76 -295.16 958.099 1343.06 
-2.14911 -1582.82 3652.45 -1115.94 -6483.56 2586.39 4120.15 -295.567 959.361 1344.85 
-2.15194 -1584.89 3657.24 -1117.4 -6492.04 2589.8 4125.54 -295.973 960.622 1346.65 
-2.15477 -1586.96 3662.02 -1118.86 -6500.52 2593.2 4130.92 -296.379 961.883 1348.44 
-2.1576 -1589.03 3666.81 -1120.33 -6509 2596.6 4136.31 -296.786 963.145 1350.23 
-2.16042 -1591.11 3671.6 -1121.79 -6517.48 2600 4141.7 -297.192 964.406 1352.02 
-2.16325 -1593.18 3676.39 -1123.25 -6525.96 2603.41 4147.09 -297.599 965.668 1353.81 
-2.16608 -1595.25 3681.18 -1124.71 -6534.44 2606.81 4152.47 -298.005 966.929 1355.61 
-2.16891 -1597.32 3685.96 -1126.17 -6542.92 2610.21 4157.86 -298.412 968.191 1357.4 
-2.17174 -1599.39 3690.75 -1127.63 -6551.4 2613.61 4163.25 -298.818 969.452 1359.19 
-2.17456 -1601.47 3695.54 -1129.1 -6559.88 2617.01 4168.64 -299.225 970.714 1360.98 
-2.17739 -1603.54 3700.33 -1130.56 -6568.36 2620.42 4174.02 -299.631 971.975 1362.78 
-2.18022 -1605.61 3705.12 -1132.02 -6576.84 2623.82 4179.41 -300.038 973.237 1364.57 
-2.18305 -1607.68 3709.9 -1133.48 -6585.33 2627.22 4184.8 -300.444 974.498 1366.36 
-2.18587 -1609.75 3714.69 -1134.94 -6593.81 2630.62 4190.19 -300.851 975.76 1368.15 
-2.1887 -1611.82 3719.48 -1136.4 -6602.29 2634.03 4195.57 -301.257 977.022 1369.95 
-2.19153 -1613.9 3724.27 -1137.87 -6610.77 2637.43 4200.96 -301.664 978.283 1371.74 
-2.19436 -1615.97 3729.06 -1139.33 -6619.25 2640.83 4206.35 -302.07 979.545 1373.53 
-2.19718 -1618.04 3733.85 -1140.79 -6627.73 2644.23 4211.74 -302.476 980.806 1375.33 
-2.20001 -1620.11 3738.63 -1142.25 -6636.21 2647.64 4217.12 -302.883 982.068 1377.12 
-2.20284 -1622.18 3743.42 -1143.71 -6644.69 2651.04 4222.51 -303.289 983.33 1378.91 
-2.20567 -1624.26 3748.21 -1145.18 -6653.17 2654.44 4227.9 -303.696 984.591 1380.7 
-2.2085 -1626.33 3753 -1146.64 -6661.65 2657.84 4233.29 -304.102 985.853 1382.5 
-2.21132 -1628.4 3757.79 -1148.1 -6670.13 2661.25 4238.67 -304.509 987.115 1384.29 
-2.21415 -1630.47 3762.57 -1149.56 -6678.61 2664.65 4244.06 -304.915 988.376 1386.08 
-2.21698 -1632.54 3767.36 -1151.02 -6687.09 2668.05 4249.45 -305.322 989.638 1387.87 
-2.21981 -1634.62 3772.15 -1152.48 -6695.57 2671.45 4254.84 -305.728 990.9 1389.67 
-2.22263 -1636.69 3776.94 -1153.95 -6704.06 2674.86 4260.22 -306.135 992.161 1391.46 
-2.22546 -1638.76 3781.73 -1155.41 -6712.54 2678.26 4265.61 -306.541 993.423 1393.25 
-2.22829 -1640.83 3786.52 -1156.87 -6721.02 2681.66 4271 -306.948 994.685 1395.05 
-2.23112 -1642.9 3791.3 -1158.33 -6729.5 2685.06 4276.39 -307.354 995.947 1396.84 
-2.23395 -1644.98 3796.09 -1159.79 -6737.98 2688.47 4281.77 -307.761 997.208 1398.63 
-2.23677 -1647.05 3800.88 -1161.25 -6746.46 2691.87 4287.16 -308.167 998.47 1400.42 
-2.2396 -1649.12 3805.67 -1162.72 -6754.94 2695.27 4292.55 -308.574 999.732 1402.22 
-2.24243 -1651.19 3810.46 -1164.18 -6763.42 2698.67 4297.94 -308.98 1000.99 1404.01 
-2.24526 -1653.26 3815.24 -1165.64 -6771.9 2702.08 4303.32 -309.387 1002.26 1405.8 
-2.24808 -1655.34 3820.03 -1167.1 -6780.38 2705.48 4308.71 -309.793 1003.52 1407.6 
-2.25091 -1657.41 3824.82 -1168.56 -6788.86 2708.88 4314.1 -310.2 1004.78 1409.39 
-2.25374 -1659.48 3829.61 -1170.02 -6797.34 2712.28 4319.49 -310.606 1006.04 1411.18 
-2.25657 -1661.55 3834.4 -1171.49 -6805.82 2715.69 4324.87 -311.013 1007.3 1412.97 
-2.2594 -1663.62 3839.19 -1172.95 -6814.3 2719.09 4330.26 -311.42 1008.56 1414.77 
-2.26222 -1665.69 3843.97 -1174.41 -6822.78 2722.49 4335.65 -311.826 1009.83 1416.56 
-2.26505 -1667.77 3848.76 -1175.87 -6831.27 2725.89 4341.04 -312.233 1011.09 1418.35 
-2.26788 -1669.84 3853.55 -1177.33 -6839.75 2729.3 4346.42 -312.639 1012.35 1420.15 
-2.27071 -1671.91 3858.34 -1178.79 -6848.23 2732.7 4351.81 -313.046 1013.61 1421.94 
-2.27354 -1673.98 3863.13 -1180.26 -6856.71 2736.1 4357.2 -313.452 1014.87 1423.73 
-2.27636 -1676.05 3867.92 -1181.72 -6865.19 2739.5 4362.59 -313.859 1016.14 1425.53 
-2.27919 -1678.13 3872.7 -1183.18 -6873.67 2742.91 4367.97 -314.265 1017.4 1427.32 
-2.28202 -1680.2 3877.49 -1184.64 -6882.15 2746.31 4373.36 -314.672 1018.66 1429.11 
-2.28485 -1682.27 3882.28 -1186.1 -6890.63 2749.71 4378.75 -315.078 1019.92 1430.91 
-2.28767 -1684.34 3887.07 -1187.57 -6899.11 2753.11 4384.14 -315.485 1021.18 1432.7 
-2.2905 -1686.41 3891.86 -1189.03 -6907.59 2756.52 4389.52 -315.891 1022.45 1434.49 
-2.29333 -1688.49 3896.64 -1190.49 -6916.07 2759.92 4394.91 -316.298 1023.71 1436.29 
-2.29616 -1690.56 3901.43 -1191.95 -6924.55 2763.32 4400.3 -316.704 1024.97 1438.08 
-2.29899 -1692.63 3906.22 -1193.41 -6933.03 2766.72 4405.69 -317.111 1026.23 1439.87 
-2.30181 -1694.7 3911.01 -1194.87 -6941.51 2770.13 4411.07 -317.518 1027.49 1441.67 
-2.30464 -1696.77 3915.8 -1196.34 -6950 2773.53 4416.46 -317.924 1028.76 1443.46 
-2.30747 -1698.85 3920.59 -1197.8 -6958.48 2776.93 4421.85 -318.331 1030.02 1445.25 
-2.3103 -1700.92 3925.37 -1199.26 -6966.96 2780.33 4427.24 -318.737 1031.28 1447.05 
-2.31313 -1702.99 3930.16 -1200.72 -6975.44 2783.74 4432.62 -319.144 1032.54 1448.84 
-2.31595 -1705.06 3934.95 -1202.18 -6983.92 2787.14 4438.01 -319.55 1033.8 1450.63 
-2.31878 -1707.13 3939.74 -1203.64 -6992.4 2790.54 4443.4 -319.957 1035.07 1452.43 
-2.32161 -1709.21 3944.53 -1205.11 -7000.88 2793.95 4448.79 -320.363 1036.33 1454.22 
-2.32444 -1711.28 3949.32 -1206.57 -7009.36 2797.35 4454.17 -320.77 1037.59 1456.01 
-2.32726 -1713.35 3954.1 -1208.03 -7017.84 2800.75 4459.56 -321.177 1038.85 1457.81 
-2.33009 -1715.42 3958.89 -1209.49 -7026.32 2804.15 4464.95 -321.583 1040.11 1459.6 
-2.33292 -1717.49 3963.68 -1210.95 -7034.8 2807.56 4470.34 -321.99 1041.38 1461.39 
-2.33575 -1719.57 3968.47 -1212.41 -7043.28 2810.96 4475.72 -322.396 1042.64 1463.19 
-2.33858 -1721.64 3973.26 -1213.88 -7051.76 2814.36 4481.11 -322.803 1043.9 1464.98 
-2.3414 -1723.71 3978.05 -1215.34 -7060.24 2817.76 4486.5 -323.209 1045.16 1466.77 
-2.34423 -1725.78 3982.83 -1216.8 -7068.73 2821.17 4491.89 -323.616 1046.42 1468.57 
-2.34706 -1727.85 3987.62 -1218.26 -7077.21 2824.57 4497.27 -324.023 1047.69 1470.36 
-2.34989 -1729.92 3992.41 -1219.72 -7085.69 2827.97 4502.66 -324.429 1048.95 1472.15 
-2.35272 -1732 3997.2 -1221.19 -7094.17 2831.37 4508.05 -324.836 1050.21 1473.95 
-2.35554 -1734.07 4001.99 -1222.65 -7102.65 2834.78 4513.44 -325.242 1051.47 1475.74 
-2.35837 -1736.14 4006.77 -1224.11 -7111.13 2838.18 4518.82 -325.649 1052.74 1477.53 
-2.3612 -1738.21 4011.56 -1225.57 -7119.61 2841.58 4524.21 -326.055 1054 1479.33 
-2.36403 -1740.28 4016.35 -1227.03 -7128.09 2844.99 4529.6 -326.462 1055.26 1481.12 
-2.36686 -1742.36 4021.14 -1228.49 -7136.57 2848.39 4534.99 -326.869 1056.52 1482.91 
-2.36968 -1744.43 4025.93 -1229.96 -7145.05 2851.79 4540.37 -327.275 1057.78 1484.71 
-2.37251 -1746.5 4030.72 -1231.42 -7153.53 2855.19 4545.76 -327.682 1059.05 1486.5 
-2.37534 -1748.57 4035.5 -1232.88 -7162.01 2858.6 4551.15 -328.088 1060.31 1488.3 
-2.37817 -1750.64 4040.29 -1234.34 -7170.49 2862 4556.54 -328.495 1061.57 1490.09 
-2.381 -1752.72 4045.08 -1235.8 -7178.98 2865.4 4561.92 -328.902 1062.83 1491.88 
-2.38382 -1754.79 4049.87 -1237.26 -7187.46 2868.8 4567.31 -329.308 1064.1 1493.68 
-2.38665 -1756.86 4054.66 -1238.73 -7195.94 2872.21 4572.7 -329.715 1065.36 1495.47 
-2.38948 -1758.93 4059.45 -1240.19 -7204.42 2875.61 4578.09 -330.121 1066.62 1497.26 
-2.39231 -1761 4064.23 -1241.65 -7212.9 2879.01 4583.47 -330.528 1067.88 1499.06 
-2.39514 -1763.08 4069.02 -1243.11 -7221.38 2882.42 4588.86 -330.934 1069.14 1500.85 
-2.39796 -1765.15 4073.81 -1244.57 -7229.86 2885.82 4594.25 -331.341 1070.41 1502.65 
-2.40079 -1767.22 4078.6 -1246.03 -7238.34 2889.22 4599.64 -331.748 1071.67 1504.44 
-2.40362 -1769.29 4083.39 -1247.5 -7246.82 2892.62 4605.02 -332.154 1072.93 1506.23 
-2.40645 -1771.36 4088.18 -1248.96 -7255.3 2896.03 4610.41 -332.561 1074.19 1508.03 
-2.40928 -1773.44 4092.96 -1250.42 -7263.78 2899.43 4615.8 -332.967 1075.46 1509.82 
-2.4121 -1775.51 4097.75 -1251.88 -7272.26 2902.83 4621.19 -333.374 1076.72 1511.61 
-2.41493 -1777.58 4102.54 -1253.34 -7280.74 2906.24 4626.57 -333.781 1077.98 1513.41 
-2.41776 -1779.65 4107.33 -1254.8 -7289.22 2909.64 4631.96 -334.187 1079.24 1515.2 
-2.42059 -1781.72 4112.12 -1256.27 -7297.71 2913.04 4637.35 -334.594 1080.51 1517 
-2.42342 -1783.8 4116.91 -1257.73 -7306.19 2916.44 4642.74 -335.001 1081.77 1518.79 
-2.42624 -1785.87 4121.69 -1259.19 -7314.67 2919.85 4648.12 -335.407 1083.03 1520.58 
-2.42907 -1787.94 4126.48 -1260.65 -7323.15 2923.25 4653.51 -335.814 1084.29 1522.38 
-2.4319 -1790.01 4131.27 -1262.11 -7331.63 2926.65 4658.9 -336.22 1085.56 1524.17 
-2.43473 -1792.08 4136.06 -1263.58 -7340.11 2930.05 4664.29 -336.627 1086.82 1525.97 
-2.43756 -1794.16 4140.85 -1265.04 -7348.59 2933.46 4669.67 -337.034 1088.08 1527.76 
-2.44039 -1796.23 4145.64 -1266.5 -7357.07 2936.86 4675.06 -337.44 1089.34 1529.55 
-2.44321 -1798.3 4150.42 -1267.96 -7365.55 2940.26 4680.45 -337.847 1090.61 1531.35 
-2.44604 -1800.37 4155.21 -1269.42 -7374.03 2943.67 4685.84 -338.254 1091.87 1533.14 
-2.44887 -1802.44 4160 -1270.88 -7382.51 2947.07 4691.23 -338.66 1093.13 1534.94 
-2.4517 -1804.51 4164.79 -1272.35 -7390.99 2950.47 4696.61 -339.067 1094.39 1536.73 
-2.45453 -1806.59 4169.58 -1273.81 -7399.47 2953.87 4702 -339.473 1095.66 1538.52 
-2.45735 -1808.66 4174.37 -1275.27 -7407.96 2957.28 4707.39 -339.88 1096.92 1540.32 
-2.46018 -1810.73 4179.16 -1276.73 -7416.44 2960.68 4712.78 -340.287 1098.18 1542.11 
-2.46301 -1812.8 4183.94 -1278.19 -7424.92 2964.08 4718.16 -340.693 1099.44 1543.91 
-2.46584 -1814.87 4188.73 -1279.65 -7433.4 2967.49 4723.55 -341.1 1100.71 1545.7 
-2.46867 -1816.95 4193.52 -1281.12 -7441.88 2970.89 4728.94 -341.507 1101.97 1547.5 
-2.47149 -1819.02 4198.31 -1282.58 -7450.36 2974.29 4734.33 -341.913 1103.23 1549.29 
-2.47432 -1821.09 4203.1 -1284.04 -7458.84 2977.7 4739.71 -342.32 1104.49 1551.08 
-2.47715 -1823.16 4207.89 -1285.5 -7467.32 2981.1 4745.1 -342.726 1105.76 1552.88 
-2.47998 -1825.23 4212.67 -1286.96 -7475.8 2984.5 4750.49 -343.133 1107.02 1554.67 
-2.48281 -1827.31 4217.46 -1288.42 -7484.28 2987.9 4755.88 -343.54 1108.28 1556.47 
-2.48564 -1829.38 4222.25 -1289.89 -7492.76 2991.31 4761.26 -343.946 1109.54 1558.26 
-2.48846 -1831.45 4227.04 -1291.35 -7501.24 2994.71 4766.65 -344.353 1110.81 1560.05 
-2.49129 -1833.52 4231.83 -1292.81 -7509.72 2998.11 4772.04 -344.76 1112.07 1561.85 
-2.49412 -1835.59 4236.62 -1294.27 -7518.21 3001.52 4777.43 -345.166 1113.33 1563.64 
-2.49695 -1837.67 4241.4 -1295.73 -7526.69 3004.92 4782.81 -345.573 1114.59 1565.44 
-2.49978 -1839.74 4246.19 -1297.2 -7535.17 3008.32 4788.2 -345.98 1115.86 1567.23 
-2.5026 -1841.81 4250.98 -1298.66 -7543.65 3011.72 4793.59 -346.386 1117.12 1569.03 
-2.50543 -1843.88 4255.77 -1300.12 -7552.13 3015.13 4798.98 -346.793 1118.38 1570.82 
-2.50826 -1845.95 4260.56 -1301.58 -7560.61 3018.53 4804.36 -347.2 1119.64 1572.61 
-2.51109 -1848.03 4265.35 -1303.04 -7569.09 3021.93 4809.75 -347.606 1120.91 1574.41 
-2.51392 -1850.1 4270.13 -1304.5 -7577.57 3025.34 4815.14 -348.013 1122.17 1576.2 
-2.51674 -1852.17 4274.92 -1305.97 -7586.05 3028.74 4820.53 -348.42 1123.43 1578 
-2.51957 -1854.24 4279.71 -1307.43 -7594.53 3032.14 4825.91 -348.826 1124.7 1579.79 
-2.5224 -1856.31 4284.5 -1308.89 -7603.01 3035.54 4831.3 -349.233 1125.96 1581.59 
-2.52523 -1858.39 4289.29 -1310.35 -7611.49 3038.95 4836.69 -349.64 1127.22 1583.38 
-2.52806 -1860.46 4294.08 -1311.81 -7619.97 3042.35 4842.08 -350.046 1128.48 1585.18 
-2.53089 -1862.53 4298.87 -1313.27 -7628.46 3045.75 4847.46 -350.453 1129.75 1586.97 
-2.53371 -1864.6 4303.65 -1314.74 -7636.94 3049.16 4852.85 -350.86 1131.01 1588.76 
-2.53654 -1866.67 4308.44 -1316.2 -7645.42 3052.56 4858.24 -351.266 1132.27 1590.56 
-2.53937 -1868.75 4313.23 -1317.66 -7653.9 3055.96 4863.63 -351.673 1133.53 1592.35 
-2.5422 -1870.82 4318.02 -1319.12 -7662.38 3059.37 4869.01 -352.08 1134.8 1594.15 
-2.54503 -1872.89 4322.81 -1320.58 -7670.86 3062.77 4874.4 -352.486 1136.06 1595.94 
-2.54786 -1874.96 4327.6 -1322.05 -7679.34 3066.17 4879.79 -352.893 1137.32 1597.74 
-2.55068 -1877.03 4332.38 -1323.51 -7687.82 3069.57 4885.18 -353.3 1138.59 1599.53 
-2.55351 -1879.11 4337.17 -1324.97 -7696.3 3072.98 4890.56 -353.706 1139.85 1601.33 
-2.55634 -1881.18 4341.96 -1326.43 -7704.78 3076.38 4895.95 -354.113 1141.11 1603.12 
-2.55917 -1883.25 4346.75 -1327.89 -7713.26 3079.78 4901.34 -354.52 1142.37 1604.92 
-2.562 -1885.32 4351.54 -1329.35 -7721.74 3083.19 4906.73 -354.926 1143.64 1606.71 
-2.56482 -1887.39 4356.33 -1330.82 -7730.22 3086.59 4912.11 -355.333 1144.9 1608.5 
-2.56765 -1889.46 4361.12 -1332.28 -7738.71 3089.99 4917.5 -355.74 1146.16 1610.3 
-2.57048 -1891.54 4365.9 -1333.74 -7747.19 3093.4 4922.89 -356.146 1147.43 1612.09 
-2.57331 -1893.61 4370.69 -1335.2 -7755.67 3096.8 4928.28 -356.553 1148.69 1613.89 
-2.57614 -1895.68 4375.48 -1336.66 -7764.15 3100.2 4933.66 -356.96 1149.95 1615.68 
-2.57897 -1897.75 4380.27 -1338.12 -7772.63 3103.61 4939.05 -357.367 1151.21 1617.48 
-2.58179 -1899.82 4385.06 -1339.59 -7781.11 3107.01 4944.44 -357.773 1152.48 1619.27 
-2.58462 -1901.9 4389.85 -1341.05 -7789.59 3110.41 4949.83 -358.18 1153.74 1621.07 
-2.58745 -1903.97 4394.63 -1342.51 -7798.07 3113.81 4955.21 -358.587 1155 1622.86 
-2.59028 -1906.04 4399.42 -1343.97 -7806.55 3117.22 4960.6 -358.993 1156.27 1624.66 
-2.59311 -1908.11 4404.21 -1345.43 -7815.03 3120.62 4965.99 -359.4 1157.53 1626.45 
-2.59594 -1910.18 4409 -1346.89 -7823.51 3124.02 4971.38 -359.807 1158.79 1628.25 
-2.59876 -1912.26 4413.79 -1348.36 -7831.99 3127.43 4976.76 -360.213 1160.05 1630.04 
-2.60159 -1914.33 4418.58 -1349.82 -7840.47 3130.83 4982.15 -360.62 1161.32 1631.84 
-2.60442 -1916.4 4423.37 -1351.28 -7848.96 3134.23 4987.54 -361.027 1162.58 1633.63 
-2.60725 -1918.47 4428.15 -1352.74 -7857.44 3137.64 4992.93 -361.433 1163.84 1635.43 
-2.61008 -1920.54 4432.94 -1354.2 -7865.92 3141.04 4998.31 -361.84 1165.11 1637.22 
-2.6129 -1922.62 4437.73 -1355.67 -7874.4 3144.44 5003.7 -362.247 1166.37 1639.01 
-2.61573 -1924.69 4442.52 -1357.13 -7882.88 3147.85 5009.09 -362.654 1167.63 1640.81 
-2.61856 -1926.76 4447.31 -1358.59 -7891.36 3151.25 5014.48 -363.06 1168.9 1642.6 
-2.62139 -1928.83 4452.1 -1360.05 -7899.84 3154.65 5019.86 -363.467 1170.16 1644.4 
-2.62422 -1930.9 4456.89 -1361.51 -7908.32 3158.05 5025.25 -363.874 1171.42 1646.19 
-2.62705 -1932.98 4461.67 -1362.97 -7916.8 3161.46 5030.64 -364.28 1172.68 1647.99 
-2.62987 -1935.05 4466.46 -1364.44 -7925.28 3164.86 5036.03 -364.687 1173.95 1649.78 
-2.6327 -1937.12 4471.25 -1365.9 -7933.76 3168.26 5041.41 -365.094 1175.21 1651.58 
-2.63553 -1939.19 4476.04 -1367.36 -7942.24 3171.67 5046.8 -365.501 1176.47 1653.37 
-2.63836 -1941.26 4480.83 -1368.82 -7950.73 3175.07 5052.19 -365.907 1177.74 1655.17 
-2.64119 -1943.34 4485.62 -1370.28 -7959.21 3178.47 5057.58 -366.314 1179 1656.96 
-2.64402 -1945.41 4490.4 -1371.74 -7967.69 3181.88 5062.96 -366.721 1180.26 1658.76 
-2.64684 -1947.48 4495.19 -1373.21 -7976.17 3185.28 5068.35 -367.127 1181.53 1660.55 
-2.64967 -1949.55 4499.98 -1374.67 -7984.65 3188.68 5073.74 -367.534 1182.79 1662.35 
-2.6525 -1951.62 4504.77 -1376.13 -7993.13 3192.09 5079.13 -367.941 1184.05 1664.14 
-2.65533 -1953.7 4509.56 -1377.59 -8001.61 3195.49 5084.51 -368.348 1185.31 1665.94 
-2.65816 -1955.77 4514.35 -1379.05 -8010.09 3198.89 5089.9 -368.754 1186.58 1667.73 
-2.66099 -1957.84 4519.14 -1380.52 -8018.57 3202.3 5095.29 -369.161 1187.84 1669.53 
-2.66381 -1959.91 4523.92 -1381.98 -8027.05 3205.7 5100.68 -369.568 1189.1 1671.32 
-2.66664 -1961.98 4528.71 -1383.44 -8035.53 3209.1 5106.07 -369.975 1190.37 1673.12 
-2.66947 -1964.06 4533.5 -1384.9 -8044.01 3212.51 5111.45 -370.381 1191.63 1674.91 
-2.6723 -1966.13 4538.29 -1386.36 -8052.49 3215.91 5116.84 -370.788 1192.89 1676.71 
-2.67513 -1968.2 4543.08 -1387.82 -8060.98 3219.31 5122.23 -371.195 1194.16 1678.5 
-2.67796 -1970.27 4547.87 -1389.29 -8069.46 3222.71 5127.62 -371.601 1195.42 1680.3 
-2.68079 -1972.34 4552.66 -1390.75 -8077.94 3226.12 5133 -372.008 1196.68 1682.09 
-2.68361 -1974.42 4557.44 -1392.21 -8086.42 3229.52 5138.39 -372.415 1197.95 1683.89 
-2.68644 -1976.49 4562.23 -1393.67 -8094.9 3232.92 5143.78 -372.822 1199.21 1685.68 
-2.68927 -1978.56 4567.02 -1395.13 -8103.38 3236.33 5149.17 -373.228 1200.47 1687.48 
-2.6921 -1980.63 4571.81 -1396.59 -8111.86 3239.73 5154.55 -373.635 1201.74 1689.27 
-2.69493 -1982.7 4576.6 -1398.06 -8120.34 3243.13 5159.94 -374.042 1203 1691.07 
-2.69776 -1984.78 4581.39 -1399.52 -8128.82 3246.54 5165.33 -374.449 1204.26 1692.87 
-2.70058 -1986.85 4586.18 -1400.98 -8137.3 3249.94 5170.72 -374.855 1205.53 1694.66 
-2.70341 -1988.92 4590.96 -1402.44 -8145.78 3253.34 5176.1 -375.262 1206.79 1696.46 
-2.70624 -1990.99 4595.75 -1403.9 -8154.26 3256.75 5181.49 -375.669 1208.05 1698.25 
-2.70907 -1993.06 4600.54 -1405.36 -8162.75 3260.15 5186.88 -376.076 1209.32 1700.05 
-2.7119 -1995.14 4605.33 -1406.83 -8171.23 3263.55 5192.27 -376.482 1210.58 1701.84 
-2.71473 -1997.21 4610.12 -1408.29 -8179.71 3266.96 5197.65 -376.889 1211.84 1703.64 
-2.71755 -1999.28 4614.91 -1409.75 -8188.19 3270.36 5203.04 -377.296 1213.1 1705.43 
-2.72038 -2001.35 4619.7 -1411.21 -8196.67 3273.76 5208.43 -377.703 1214.37 1707.23 
-2.72321 -2003.42 4624.48 -1412.67 -8205.15 3277.17 5213.82 -378.109 1215.63 1709.02 
-2.72604 -2005.49 4629.27 -1414.14 -8213.63 3280.57 5219.2 -378.516 1216.89 1710.82 
-2.72887 -2007.57 4634.06 -1415.6 -8222.11 3283.97 5224.59 -378.923 1218.16 1712.61 
-2.7317 -2009.64 4638.85 -1417.06 -8230.59 3287.38 5229.98 -379.33 1219.42 1714.41 
-2.73452 -2011.71 4643.64 -1418.52 -8239.07 3290.78 5235.37 -379.736 1220.68 1716.2 
-2.73735 -2013.78 4648.43 -1419.98 -8247.55 3294.18 5240.75 -380.143 1221.95 1718 
-2.74018 -2015.85 4653.22 -1421.44 -8256.03 3297.59 5246.14 -380.55 1223.21 1719.79 
-2.74301 -2017.93 4658 -1422.91 -8264.52 3300.99 5251.53 -380.957 1224.47 1721.59 
-2.74584 -2020 4662.79 -1424.37 -8273 3304.39 5256.92 -381.363 1225.74 1723.39 
-2.74867 -2022.07 4667.58 -1425.83 -8281.48 3307.8 5262.3 -381.77 1227 1725.18 
-2.7515 -2024.14 4672.37 -1427.29 -8289.96 3311.2 5267.69 -382.177 1228.26 1726.98 
-2.75432 -2026.21 4677.16 -1428.75 -8298.44 3314.6 5273.08 -382.584 1229.53 1728.77 
-2.75715 -2028.29 4681.95 -1430.21 -8306.92 3318.01 5278.47 -382.991 1230.79 1730.57 
-2.75998 -2030.36 4686.74 -1431.68 -8315.4 3321.41 5283.85 -383.397 1232.05 1732.36 
-2.76281 -2032.43 4691.52 -1433.14 -8323.88 3324.81 5289.24 -383.804 1233.32 1734.16 
-2.76564 -2034.5 4696.31 -1434.6 -8332.36 3328.22 5294.63 -384.211 1234.58 1735.95 
-2.76847 -2036.57 4701.1 -1436.06 -8340.84 3331.62 5300.02 -384.618 1235.84 1737.75 
-2.77129 -2038.65 4705.89 -1437.52 -8349.32 3335.02 5305.4 -385.024 1237.11 1739.54 
-2.77412 -2040.72 4710.68 -1438.99 -8357.8 3338.43 5310.79 -385.431 1238.37 1741.34 
-2.77695 -2042.79 4715.47 -1440.45 -8366.28 3341.83 5316.18 -385.838 1239.63 1743.14 
-2.77978 -2044.86 4720.26 -1441.91 -8374.77 3345.23 5321.57 -386.245 1240.9 1744.93 
-2.78261 -2046.93 4725.04 -1443.37 -8383.25 3348.64 5326.95 -386.652 1242.16 1746.73 
-2.78544 -2049.01 4729.83 -1444.83 -8391.73 3352.04 5332.34 -387.058 1243.42 1748.52 
-2.78827 -2051.08 4734.62 -1446.29 -8400.21 3355.44 5337.73 -387.465 1244.69 1750.32 
-2.79109 -2053.15 4739.41 -1447.76 -8408.69 3358.85 5343.12 -387.872 1245.95 1752.11 
-2.79392 -2055.22 4744.2 -1449.22 -8417.17 3362.25 5348.5 -388.279 1247.22 1753.91 
-2.79675 -2057.29 4748.99 -1450.68 -8425.65 3365.65 5353.89 -388.685 1248.48 1755.7 
-2.79958 -2059.37 4753.78 -1452.14 -8434.13 3369.06 5359.28 -389.092 1249.74 1757.5 
-2.80241 -2061.44 4758.56 -1453.6 -8442.61 3372.46 5364.67 -389.499 1251.01 1759.3 
-2.80524 -2063.51 4763.35 -1455.06 -8451.09 3375.86 5370.05 -389.906 1252.27 1761.09 
-2.80806 -2065.58 4768.14 -1456.53 -8459.57 3379.27 5375.44 -390.313 1253.53 1762.89 
-2.81089 -2067.65 4772.93 -1457.99 -8468.05 3382.67 5380.83 -390.719 1254.8 1764.68 
