4.846e-11 -0.000159868 
-7.99342e-05 -7.99342e-05 
-0.000159868 -0.000574268 
-0.000239802 -0.000548466 
-0.000319736 -0.00105448 
-0.00039967 -0.00103351 
-0.000479604 -0.00154213 
-0.000559538 -0.0015228 
-0.000639472 -0.00203253 
-0.000719406 -0.00201399 
-0.00079934 -0.00252433 
-0.000879275 -0.00250626 
-0.000959209 -0.00301698 
-0.00103914 -0.00299924 
-0.00111908 -0.00351022 
-0.00119901 -0.00349269 
-0.00127894 -0.00400387 
-0.00135888 -0.00398651 
-0.00143881 -0.00449783 
-0.00151875 -0.0044806 
-0.00159868 -0.00499203 
-0.00167861 -0.0049749 
-0.00175855 -0.00548643 
-0.00183848 -0.00546938 
-0.00191842 -0.00598098 
-0.00199835 -0.00596401 
-0.00207828 -0.00647567 
-0.00215822 -0.00645876 
-0.00223815 -0.00697047 
-0.00231809 -0.00695361 
-0.00239802 -0.00746537 
-0.00247795 -0.00744855 
-0.00255789 -0.00796035 
-0.00263782 -0.00794357 
-0.00271776 -0.00845541 
-0.00279769 -0.00843865 
-0.00287762 -0.00895053 
-0.00295756 -0.0089338 
-0.00303749 -0.0094457 
-0.00311743 -0.00942901 
-0.00319736 -0.00994093 
-0.00327729 -0.00992426 
-0.00335723 -0.0104362 
-0.00343716 -0.0104196 
-0.0035171 -0.0109315 
-0.00359703 -0.0109149 
-0.00367696 -0.0114269 
-0.0037569 -0.0114103 
-0.00383683 -0.0119223 
-0.00391677 -0.0119057 
-0.0039967 -0.0124177 
-0.00407663 -0.0124011 
-0.00415657 -0.0129131 
-0.0042365 -0.0128966 
-0.00431644 -0.0134086 
-0.00439637 -0.0133921 
-0.0044763 -0.0139041 
-0.00455624 -0.0138876 
-0.00463617 -0.0143996 
-0.00471611 -0.0143831 
-0.00479604 -0.0148952 
-0.00487597 -0.0148787 
-0.00495591 -0.0153908 
-0.00503584 -0.0153742 
-0.00511578 -0.0158863 
-0.00519571 -0.0158698 
-0.00527564 -0.0163819 
-0.00535558 -0.0163655 
-0.00543551 -0.0168776 
-0.00551545 -0.0168611 
-0.00559538 -0.0173732 
-0.00567531 -0.0173567 
-0.00575525 -0.0178689 
-0.00583518 -0.0178524 
-0.00591512 -0.0183645 
-0.00599505 -0.0183481 
-0.00607498 -0.0188602 
-0.00615492 -0.0188437 
-0.00623485 -0.0193559 
-0.00631479 -0.0193394 
-0.00639472 -0.0198516 
-0.00647465 -0.0198351 
-0.00655459 -0.0203473 
-0.00663452 -0.0203309 
-0.00671446 -0.020843 
-0.00679439 -0.0208266 
-0.00687432 -0.0213388 
-0.00695426 -0.0213223 
-0.00703419 -0.0218345 
-0.00711413 -0.0218181 
-0.00719406 -0.0223303 
-0.00727399 -0.0223138 
-0.00735393 -0.022826 
-0.00743386 -0.0228096 
-0.0075138 -0.0233218 
-0.00759373 -0.0233054 
-0.00767366 -0.0238176 
-0.0077536 -0.0238012 
-0.00783353 -0.0243134 
-0.00791347 -0.024297 
-0.0079934 -0.0248092 
-0.00807333 -0.0247928 
-0.00815327 -0.025305 
-0.0082332 -0.0252886 
-0.00831314 -0.0258008 
-0.00839307 -0.0257844 
-0.008473 -0.0262966 
-0.00855294 -0.0262802 
-0.00863287 -0.0267924 
-0.00871281 -0.026776 
-0.00879274 -0.0272882 
-0.00887268 -0.0272719 
-0.00895261 -0.0277841 
-0.00903254 -0.0277677 
-0.00911248 -0.0282799 
-0.00919241 -0.0282635 
-0.00927235 -0.0287758 
-0.00935228 -0.0287594 
-0.00943221 -0.0292716 
-0.00951215 -0.0292552 
-0.00959208 -0.0297675 
-0.00967202 -0.0297511 
-0.00975195 -0.0302633 
-0.00983188 -0.030247 
-0.00991182 -0.0307592 
-0.00999175 -0.0307428 
-0.0100717 -0.0312551 
-0.0101516 -0.0312387 
-0.0102316 -0.0317509 
-0.0103115 -0.0317346 
-0.0103914 -0.0322468 
-0.0104714 -0.0322305 
-0.0105513 -0.0327427 
-0.0106312 -0.0327263 
-0.0107112 -0.0332386 
-0.0107911 -0.0332222 
-0.010871 -0.0337345 
-0.010951 -0.0337181 
-0.0110309 -0.0342304 
-0.0111108 -0.034214 
-0.0111908 -0.0347263 
-0.0112707 -0.0347099 
-0.0113506 -0.0352222 
-0.0114306 -0.0352058 
-0.0115105 -0.0357181 
-0.0115904 -0.0357017 
-0.0116704 -0.036214 
-0.0117503 -0.0361976 
-0.0118302 -0.0367099 
-0.0119102 -0.0366936 
-0.0119901 -0.0372058 
-0.01207 -0.0371895 
-0.01215 -0.0377017 
-0.0122299 -0.0376854 
-0.0123098 -0.0381977 
-0.0123898 -0.0381813 
-0.0124697 -0.0386936 
-0.0125496 -0.0386772 
-0.0126296 -0.0391895 
-0.0127095 -0.0391732 
-0.0127894 -0.0396854 
-0.0128694 -0.0396691 
-0.0129493 -0.0401814 
-0.0130292 -0.040165 
-0.0131092 -0.0406773 
-0.0131891 -0.040661 
-0.013269 -0.0411733 
-0.013349 -0.0411569 
-0.0134289 -0.0416692 
-0.0135088 -0.0416529 
-0.0135888 -0.0421651 
-0.0136687 -0.0421488 
-0.0137486 -0.0426611 
-0.0138286 -0.0426448 
-0.0139085 -0.043157 
-0.0139885 -0.0431407 
-0.0140684 -0.043653 
-0.0141483 -0.0436367 
-0.0142283 -0.0441489 
-0.0143082 -0.0441326 
-0.0143881 -0.0446449 
-0.0144681 -0.0446286 
-0.014548 -0.0451409 
-0.0146279 -0.0451245 
-0.0147079 -0.0456368 
-0.0147878 -0.0456205 
-0.0148677 -0.0461328 
-0.0149477 -0.0461165 
-0.0150276 -0.0466287 
-0.0151075 -0.0466124 
-0.0151875 -0.0471247 
-0.0152674 -0.0471084 
-0.0153473 -0.0476207 
-0.0154273 -0.0476044 
-0.0155072 -0.0481167 
-0.0155871 -0.0481003 
-0.0156671 -0.0486126 
-0.015747 -0.0485963 
-0.0158269 -0.0491086 
-0.0159069 -0.0490923 
-0.0159868 -0.0496046 
-0.0160667 -0.0495883 
-0.0161467 -0.0501006 
-0.0162266 -0.0500842 
-0.0163065 -0.0505965 
-0.0163865 -0.0505802 
-0.0164664 -0.0510925 
-0.0165463 -0.0510762 
-0.0166263 -0.0515885 
-0.0167062 -0.0515722 
-0.0167861 -0.0520845 
-0.0168661 -0.0520682 
-0.016946 -0.0525805 
-0.0170259 -0.0525642 
-0.0171059 -0.0530765 
-0.0171858 -0.0530601 
-0.0172657 -0.0535724 
-0.0173457 -0.0535561 
-0.0174256 -0.0540684 
-0.0175055 -0.0540521 
-0.0175855 -0.0545644 
-0.0176654 -0.0545481 
-0.0177453 -0.0550604 
-0.0178253 -0.0550441 
-0.0179052 -0.0555564 
-0.0179852 -0.0555401 
-0.0180651 -0.0560524 
-0.018145 -0.0560361 
-0.018225 -0.0565484 
-0.0183049 -0.0565321 
-0.0183848 -0.0570444 
-0.0184648 -0.0570281 
-0.0185447 -0.0575404 
-0.0186246 -0.0575241 
-0.0187046 -0.0580364 
-0.0187845 -0.0580201 
-0.0188644 -0.0585324 
-0.0189444 -0.0585161 
-0.0190243 -0.0590284 
-0.0191042 -0.0590121 
-0.0191842 -0.0595244 
-0.0192641 -0.0595081 
-0.019344 -0.0600204 
-0.019424 -0.0600041 
-0.0195039 -0.0605164 
-0.0195838 -0.0605001 
-0.0196638 -0.0610125 
-0.0197437 -0.0609962 
-0.0198236 -0.0615085 
-0.0199036 -0.0614922 
-0.0199835 -0.0620045 
-0.0200634 -0.0619882 
-0.0201434 -0.0625005 
-0.0202233 -0.0624842 
-0.0203032 -0.0629965 
-0.0203832 -0.0629802 
-0.0204631 -0.0634925 
-0.020543 -0.0634762 
-0.020623 -0.0639885 
-0.0207029 -0.0639722 
-0.0207828 -0.0644846 
-0.0208628 -0.0644683 
-0.0209427 -0.0649806 
-0.0210226 -0.0649643 
-0.0211026 -0.0654766 
-0.0211825 -0.0654603 
-0.0212624 -0.0659726 
-0.0213424 -0.0659563 
-0.0214223 -0.0664686 
-0.0215022 -0.0664523 
-0.0215822 -0.0669647 
-0.0216621 -0.0669484 
-0.021742 -0.0674607 
-0.021822 -0.0674444 
-0.0219019 -0.0679567 
-0.0219819 -0.0679404 
-0.0220618 -0.0684527 
-0.0221417 -0.0684364 
-0.0222217 -0.0689488 
-0.0223016 -0.0689325 
-0.0223815 -0.0694448 
-0.0224615 -0.0694285 
-0.0225414 -0.0699408 
-0.0226213 -0.0699245 
-0.0227013 -0.0704368 
-0.0227812 -0.0704206 
-0.0228611 -0.0709329 
-0.0229411 -0.0709166 
-0.023021 -0.0714289 
-0.0231009 -0.0714126 
-0.0231809 -0.0719249 
-0.0232608 -0.0719086 
-0.0233407 -0.072421 
-0.0234207 -0.0724047 
-0.0235006 -0.072917 
-0.0235805 -0.0729007 
-0.0236605 -0.073413 
-0.0237404 -0.0733968 
-0.0238203 -0.0739091 
-0.0239003 -0.0738928 
-0.0239802 -0.0744051 
-0.0240601 -0.0743888 
-0.0241401 -0.0749011 
-0.02422 -0.0748849 
-0.0242999 -0.0753972 
-0.0243799 -0.0753809 
-0.0244598 -0.0758932 
-0.0245397 -0.0758769 
-0.0246197 -0.0763893 
-0.0246996 -0.076373 
-0.0247795 -0.0768853 
-0.0248595 -0.076869 
-0.0249394 -0.0773813 
-0.0250193 -0.0773651 
-0.0250993 -0.0778774 
-0.0251792 -0.0778611 
-0.0252591 -0.0783734 
-0.0253391 -0.0783571 
-0.025419 -0.0788695 
-0.0254989 -0.0788532 
-0.0255789 -0.0793655 
-0.0256588 -0.0793492 
-0.0257387 -0.0798616 
-0.0258187 -0.0798453 
-0.0258986 -0.0803576 
-0.0259786 -0.0803413 
-0.0260585 -0.0808536 
-0.0261384 -0.0808374 
-0.0262184 -0.0813497 
-0.0262983 -0.0813334 
-0.0263782 -0.0818457 
-0.0264582 -0.0818295 
-0.0265381 -0.0823418 
-0.026618 -0.0823255 
-0.026698 -0.0828378 
-0.0267779 -0.0828215 
-0.0268578 -0.0833339 
-0.0269378 -0.0833176 
-0.0270177 -0.0838299 
-0.0270976 -0.0838136 
-0.0271776 -0.084326 
-0.0272575 -0.0843097 
-0.0273374 -0.084822 
-0.0274174 -0.0848057 
-0.0274973 -0.0853181 
-0.0275772 -0.0853018 
-0.0276572 -0.0858141 
-0.0277371 -0.0857979 
-0.027817 -0.0863102 
-0.027897 -0.0862939 
-0.0279769 -0.0868062 
-0.0280568 -0.08679 
-0.0281368 -0.0873023 
-0.0282167 -0.087286 
-0.0282966 -0.0877983 
-0.0283766 -0.0877821 
-0.0284565 -0.0882944 
-0.0285364 -0.0882781 
-0.0286164 -0.0887905 
-0.0286963 -0.0887742 
-0.0287762 -0.0892865 
-0.0288562 -0.0892702 
-0.0289361 -0.0897826 
-0.029016 -0.0897663 
-0.029096 -0.0902786 
-0.0291759 -0.0902623 
-0.0292558 -0.0907747 
-0.0293358 -0.0907584 
-0.0294157 -0.0912707 
-0.0294956 -0.0912545 
-0.0295756 -0.0917668 
-0.0296555 -0.0917505 
-0.0297354 -0.0922629 
-0.0298154 -0.0922466 
-0.0298953 -0.0927589 
-0.0299753 -0.0927426 
-0.0300552 -0.093255 
-0.0301351 -0.0932387 
-0.0302151 -0.093751 
-0.030295 -0.0937348 
-0.0303749 -0.0942471 
-0.0304549 -0.0942308 
-0.0305348 -0.0947432 
-0.0306147 -0.0947269 
-0.0306947 -0.0952392 
-0.0307746 -0.0952229 
-0.0308545 -0.0957353 
-0.0309345 -0.095719 
-0.0310144 -0.0962313 
-0.0310943 -0.0962151 
-0.0311743 -0.0967274 
-0.0312542 -0.0967111 
-0.0313341 -0.0972235 
-0.0314141 -0.0972072 
-0.031494 -0.0977195 
-0.0315739 -0.0977033 
-0.0316539 -0.0982156 
-0.0317338 -0.0981993 
-0.0318137 -0.0987117 
-0.0318937 -0.0986954 
-0.0319736 -0.0992077 
-0.0320535 -0.0991915 
-0.0321335 -0.0997038 
-0.0322134 -0.0996875 
-0.0322933 -0.1002 
-0.0323733 -0.100184 
-0.0324532 -0.100696 
-0.0325331 -0.10068 
-0.0326131 -0.101192 
-0.032693 -0.101176 
-0.0327729 -0.101688 
-0.0328529 -0.101672 
-0.0329328 -0.102184 
-0.0330127 -0.102168 
-0.0330927 -0.10268 
-0.0331726 -0.102664 
-0.0332525 -0.103176 
-0.0333325 -0.10316 
-0.0334124 -0.103672 
-0.0334923 -0.103656 
-0.0335723 -0.104168 
-0.0336522 -0.104152 
-0.0337321 -0.104664 
-0.0338121 -0.104648 
-0.033892 -0.105161 
-0.033972 -0.105144 
-0.0340519 -0.105657 
-0.0341318 -0.10564 
-0.0342118 -0.106153 
-0.0342917 -0.106136 
-0.0343716 -0.106649 
-0.0344516 -0.106632 
-0.0345315 -0.107145 
-0.0346114 -0.107129 
-0.0346914 -0.107641 
-0.0347713 -0.107625 
-0.0348512 -0.108137 
-0.0349312 -0.108121 
-0.0350111 -0.108633 
-0.035091 -0.108617 
-0.035171 -0.109129 
-0.0352509 -0.109113 
-0.0353308 -0.109625 
-0.0354108 -0.109609 
-0.0354907 -0.110121 
-0.0355706 -0.110105 
-0.0356506 -0.110617 
-0.0357305 -0.110601 
-0.0358104 -0.111113 
-0.0358904 -0.111097 
-0.0359703 -0.111609 
-0.0360502 -0.111593 
-0.0361302 -0.112106 
-0.0362101 -0.112089 
-0.03629 -0.112602 
-0.03637 -0.112585 
-0.0364499 -0.113098 
-0.0365298 -0.113081 
-0.0366098 -0.113594 
-0.0366897 -0.113578 
-0.0367696 -0.11409 
-0.0368496 -0.114074 
-0.0369295 -0.114586 
-0.0370094 -0.11457 
-0.0370894 -0.115082 
-0.0371693 -0.115066 
-0.0372492 -0.115578 
-0.0373292 -0.115562 
-0.0374091 -0.116074 
-0.037489 -0.116058 
-0.037569 -0.11657 
-0.0376489 -0.116554 
-0.0377289 -0.117066 
-0.0378088 -0.11705 
-0.0378887 -0.117562 
-0.0379687 -0.117546 
-0.0380486 -0.118059 
-0.0381285 -0.118042 
-0.0382085 -0.118555 
-0.0382884 -0.118538 
-0.0383683 -0.119051 
-0.0384483 -0.119034 
-0.0385282 -0.119547 
-0.0386081 -0.11953 
-0.0386881 -0.120043 
-0.038768 -0.120027 
-0.0388479 -0.120539 
-0.0389279 -0.120523 
-0.0390078 -0.121035 
-0.0390877 -0.121019 
-0.0391677 -0.121531 
-0.0392476 -0.121515 
-0.0393275 -0.122027 
-0.0394075 -0.122011 
-0.0394874 -0.122523 
-0.0395673 -0.122507 
-0.0396473 -0.123019 
-0.0397272 -0.123003 
-0.0398071 -0.123515 
-0.0398871 -0.123499 
-0.039967 -0.124011 
-0.0400469 -0.123995 
-0.0401269 -0.124508 
-0.0402068 -0.124491 
-0.0402867 -0.125004 
-0.0403667 -0.124987 
-0.0404466 -0.1255 
-0.0405265 -0.125483 
-0.0406065 -0.125996 
-0.0406864 -0.12598 
-0.0407663 -0.126492 
-0.0408463 -0.126476 
-0.0409262 -0.126988 
-0.0410061 -0.126972 
-0.0410861 -0.127484 
-0.041166 -0.127468 
-0.0412459 -0.12798 
-0.0413259 -0.127964 
-0.0414058 -0.128476 
-0.0414857 -0.12846 
-0.0415657 -0.128972 
-0.0416456 -0.128956 
-0.0417256 -0.129468 
-0.0418055 -0.129452 
-0.0418854 -0.129965 
-0.0419654 -0.129948 
-0.0420453 -0.130461 
-0.0421252 -0.130444 
-0.0422052 -0.130957 
-0.0422851 -0.13094 
-0.042365 -0.131453 
-0.042445 -0.131437 
-0.0425249 -0.131949 
-0.0426048 -0.131933 
-0.0426848 -0.132445 
-0.0427647 -0.132429 
-0.0428446 -0.132941 
-0.0429246 -0.132925 
-0.0430045 -0.133437 
-0.0430844 -0.133421 
-0.0431644 -0.133933 
-0.0432443 -0.133917 
-0.0433242 -0.134429 
-0.0434042 -0.134413 
-0.0434841 -0.134925 
-0.043564 -0.134909 
-0.043644 -0.135421 
-0.0437239 -0.135405 
-0.0438038 -0.135918 
-0.0438838 -0.135901 
-0.0439637 -0.136414 
-0.0440436 -0.136397 
-0.0441236 -0.13691 
-0.0442035 -0.136893 
-0.0442834 -0.137406 
-0.0443634 -0.13739 
-0.0444433 -0.137902 
-0.0445232 -0.137886 
-0.0446032 -0.138398 
-0.0446831 -0.138382 
-0.044763 -0.138894 
-0.044843 -0.138878 
-0.0449229 -0.13939 
-0.0450028 -0.139374 
-0.0450828 -0.139886 
-0.0451627 -0.13987 
-0.0452426 -0.140382 
-0.0453226 -0.140366 
-0.0454025 -0.140878 
-0.0454824 -0.140862 
-0.0455624 -0.141375 
-0.0456423 -0.141358 
-0.0457223 -0.141871 
-0.0458022 -0.141854 
-0.0458821 -0.142367 
-0.0459621 -0.14235 
-0.046042 -0.142863 
-0.0461219 -0.142847 
-0.0462019 -0.143359 
-0.0462818 -0.143343 
-0.0463617 -0.143855 
-0.0464417 -0.143839 
-0.0465216 -0.144351 
-0.0466015 -0.144335 
-0.0466815 -0.144847 
-0.0467614 -0.144831 
-0.0468413 -0.145343 
-0.0469213 -0.145327 
-0.0470012 -0.145839 
-0.0470811 -0.145823 
-0.0471611 -0.146335 
-0.047241 -0.146319 
-0.0473209 -0.146832 
-0.0474009 -0.146815 
-0.0474808 -0.147328 
-0.0475607 -0.147311 
-0.0476407 -0.147824 
-0.0477206 -0.147808 
-0.0478005 -0.14832 
-0.0478805 -0.148304 
-0.0479604 -0.148816 
-0.0480403 -0.1488 
-0.0481203 -0.149312 
-0.0482002 -0.149296 
-0.0482801 -0.149808 
-0.0483601 -0.149792 
-0.04844 -0.150304 
-0.0485199 -0.150288 
-0.0485999 -0.1508 
-0.0486798 -0.150784 
-0.0487597 -0.151296 
-0.0488397 -0.15128 
-0.0489196 -0.151793 
-0.0489995 -0.151776 
-0.0490795 -0.152289 
-0.0491594 -0.152272 
-0.0492393 -0.152785 
-0.0493193 -0.152768 
-0.0493992 -0.153281 
-0.0494791 -0.153265 
-0.0495591 -0.153777 
-0.049639 -0.153761 
-0.049719 -0.154273 
-0.0497989 -0.154257 
-0.0498788 -0.154769 
-0.0499588 -0.154753 
-0.0500387 -0.155265 
-0.0501186 -0.155249 
-0.0501986 -0.155761 
-0.0502785 -0.155745 
-0.0503584 -0.156257 
-0.0504384 -0.156241 
-0.0505183 -0.156754 
-0.0505982 -0.156737 
-0.0506782 -0.15725 
-0.0507581 -0.157233 
-0.050838 -0.157746 
-0.050918 -0.157729 
-0.0509979 -0.158242 
-0.0510778 -0.158226 
-0.0511578 -0.158738 
-0.0512377 -0.158722 
-0.0513176 -0.159234 
-0.0513976 -0.159218 
-0.0514775 -0.15973 
-0.0515574 -0.159714 
-0.0516374 -0.160226 
-0.0517173 -0.16021 
-0.0517972 -0.160722 
-0.0518772 -0.160706 
-0.0519571 -0.161218 
-0.052037 -0.161202 
-0.052117 -0.161714 
-0.0521969 -0.161698 
-0.0522768 -0.162211 
-0.0523568 -0.162194 
-0.0524367 -0.162707 
-0.0525166 -0.16269 
-0.0525966 -0.163203 
-0.0526765 -0.163187 
-0.0527564 -0.163699 
-0.0528364 -0.163683 
-0.0529163 -0.164195 
-0.0529962 -0.164179 
-0.0530762 -0.164691 
-0.0531561 -0.164675 
-0.053236 -0.165187 
-0.053316 -0.165171 
-0.0533959 -0.165683 
-0.0534758 -0.165667 
-0.0535558 -0.166179 
-0.0536357 -0.166163 
-0.0537157 -0.166676 
-0.0537956 -0.166659 
-0.0538755 -0.167172 
-0.0539555 -0.167155 
-0.0540354 -0.167668 
-0.0541153 -0.167651 
-0.0541953 -0.168164 
-0.0542752 -0.168148 
-0.0543551 -0.16866 
-0.0544351 -0.168644 
-0.054515 -0.169156 
-0.0545949 -0.16914 
-0.0546749 -0.169652 
-0.0547548 -0.169636 
-0.0548347 -0.170148 
-0.0549147 -0.170132 
-0.0549946 -0.170644 
-0.0550745 -0.170628 
-0.0551545 -0.17114 
-0.0552344 -0.171124 
-0.0553143 -0.171637 
-0.0553943 -0.17162 
-0.0554742 -0.172133 
-0.0555541 -0.172116 
-0.0556341 -0.172629 
-0.055714 -0.172612 
-0.0557939 -0.173125 
-0.0558739 -0.173109 
-0.0559538 -0.173621 
-0.0560337 -0.173605 
-0.0561137 -0.174117 
-0.0561936 -0.174101 
-0.0562735 -0.174613 
-0.0563535 -0.174597 
-0.0564334 -0.175109 
-0.0565133 -0.175093 
-0.0565933 -0.175605 
-0.0566732 -0.175589 
-0.0567531 -0.176101 
-0.0568331 -0.176085 
-0.056913 -0.176598 
-0.0569929 -0.176581 
-0.0570729 -0.177094 
-0.0571528 -0.177077 
-0.0572327 -0.17759 
-0.0573127 -0.177574 
-0.0573926 -0.178086 
-0.0574725 -0.17807 
-0.0575525 -0.178582 
-0.0576324 -0.178566 
-0.0577124 -0.179078 
-0.0577923 -0.179062 
-0.0578722 -0.179574 
-0.0579522 -0.179558 
-0.0580321 -0.18007 
-0.058112 -0.180054 
-0.058192 -0.180566 
-0.0582719 -0.18055 
-0.0583518 -0.181063 
-0.0584318 -0.181046 
-0.0585117 -0.181559 
-0.0585916 -0.181542 
-0.0586716 -0.182055 
-0.0587515 -0.182038 
-0.0588314 -0.182551 
-0.0589114 -0.182535 
-0.0589913 -0.183047 
-0.0590712 -0.183031 
-0.0591512 -0.183543 
-0.0592311 -0.183527 
-0.059311 -0.184039 
-0.059391 -0.184023 
-0.0594709 -0.184535 
-0.0595508 -0.184519 
-0.0596308 -0.185031 
-0.0597107 -0.185015 
-0.0597906 -0.185527 
-0.0598706 -0.185511 
-0.0599505 -0.186024 
-0.0600304 -0.186007 
-0.0601104 -0.18652 
-0.0601903 -0.186503 
-0.0602702 -0.187016 
-0.0603502 -0.187 
-0.0604301 -0.187512 
-0.06051 -0.187496 
-0.06059 -0.188008 
-0.0606699 -0.187992 
-0.0607498 -0.188504 
-0.0608298 -0.188488 
-0.0609097 -0.189 
-0.0609896 -0.188984 
-0.0610696 -0.189496 
-0.0611495 -0.18948 
-0.0612294 -0.189992 
-0.0613094 -0.189976 
-0.0613893 -0.190489 
-0.0614692 -0.190472 
-0.0615492 -0.190985 
-0.0616291 -0.190968 
-0.0617091 -0.191481 
-0.061789 -0.191464 
-0.0618689 -0.191977 
-0.0619489 -0.191961 
-0.0620288 -0.192473 
-0.0621087 -0.192457 
-0.0621887 -0.192969 
-0.0622686 -0.192953 
-0.0623485 -0.193465 
-0.0624285 -0.193449 
-0.0625084 -0.193961 
-0.0625883 -0.193945 
-0.0626683 -0.194457 
-0.0627482 -0.194441 
-0.0628281 -0.194954 
-0.0629081 -0.194937 
-0.062988 -0.19545 
-0.0630679 -0.195433 
-0.0631479 -0.195946 
-0.0632278 -0.195929 
-0.0633077 -0.196442 
-0.0633877 -0.196426 
-0.0634676 -0.196938 
-0.0635475 -0.196922 
-0.0636275 -0.197434 
-0.0637074 -0.197418 
-0.0637873 -0.19793 
-0.0638673 -0.197914 
-0.0639472 -0.198426 
-0.0640271 -0.19841 
-0.0641071 -0.198922 
-0.064187 -0.198906 
-0.0642669 -0.199418 
-0.0643469 -0.199402 
-0.0644268 -0.199915 
-0.0645067 -0.199898 
-0.0645867 -0.200411 
-0.0646666 -0.200394 
-0.0647465 -0.200907 
-0.0648265 -0.200891 
-0.0649064 -0.201403 
-0.0649863 -0.201387 
-0.0650663 -0.201899 
-0.0651462 -0.201883 
-0.0652261 -0.202395 
-0.0653061 -0.202379 
-0.065386 -0.202891 
-0.0654659 -0.202875 
-0.0655459 -0.203387 
-0.0656258 -0.203371 
-0.0657058 -0.203883 
-0.0657857 -0.203867 
-0.0658656 -0.20438 
-0.0659456 -0.204363 
-0.0660255 -0.204876 
-0.0661054 -0.204859 
-0.0661854 -0.205372 
-0.0662653 -0.205356 
-0.0663452 -0.205868 
-0.0664252 -0.205852 
-0.0665051 -0.206364 
-0.066585 -0.206348 
-0.066665 -0.20686 
-0.0667449 -0.206844 
-0.0668248 -0.207356 
-0.0669048 -0.20734 
-0.0669847 -0.207852 
-0.0670646 -0.207836 
-0.0671446 -0.208348 
-0.0672245 -0.208332 
-0.0673044 -0.208845 
-0.0673844 -0.208828 
-0.0674643 -0.209341 
-0.0675442 -0.209324 
-0.0676242 -0.209837 
-0.0677041 -0.209821 
-0.067784 -0.210333 
-0.067864 -0.210317 
-0.0679439 -0.210829 
-0.0680238 -0.210813 
-0.0681038 -0.211325 
-0.0681837 -0.211309 
-0.0682636 -0.211821 
-0.0683436 -0.211805 
-0.0684235 -0.212317 
-0.0685034 -0.212301 
-0.0685834 -0.212814 
-0.0686633 -0.212797 
-0.0687432 -0.21331 
-0.0688232 -0.213293 
-0.0689031 -0.213806 
-0.068983 -0.213789 
-0.069063 -0.214302 
-0.0691429 -0.214286 
-0.0692228 -0.214798 
-0.0693028 -0.214782 
-0.0693827 -0.215294 
-0.0694626 -0.215278 
-0.0695426 -0.21579 
-0.0696225 -0.215774 
-0.0697025 -0.216286 
-0.0697824 -0.21627 
-0.0698623 -0.216782 
-0.0699423 -0.216766 
-0.0700222 -0.217279 
-0.0701021 -0.217262 
-0.0701821 -0.217775 
-0.070262 -0.217758 
-0.0703419 -0.218271 
-0.0704219 -0.218254 
-0.0705018 -0.218767 
-0.0705817 -0.218751 
-0.0706617 -0.219263 
-0.0707416 -0.219247 
-0.0708215 -0.219759 
-0.0709015 -0.219743 
-0.0709814 -0.220255 
-0.0710613 -0.220239 
-0.0711413 -0.220751 
-0.0712212 -0.220735 
-0.0713011 -0.221247 
-0.0713811 -0.221231 
-0.071461 -0.221744 
-0.0715409 -0.221727 
-0.0716209 -0.22224 
-0.0717008 -0.222223 
-0.0717807 -0.222736 
-0.0718607 -0.22272 
-0.0719406 -0.223232 
-0.0720205 -0.223216 
-0.0721005 -0.223728 
-0.0721804 -0.223712 
-0.0722603 -0.224224 
-0.0723403 -0.224208 
-0.0724202 -0.22472 
-0.0725001 -0.224704 
-0.0725801 -0.225216 
-0.07266 -0.2252 
-0.0727399 -0.225712 
-0.0728199 -0.225696 
-0.0728998 -0.226209 
-0.0729797 -0.226192 
-0.0730597 -0.226705 
-0.0731396 -0.226688 
-0.0732195 -0.227201 
-0.0732995 -0.227185 
-0.0733794 -0.227697 
-0.0734593 -0.227681 
-0.0735393 -0.228193 
-0.0736192 -0.228177 
-0.0736992 -0.228689 
-0.0737791 -0.228673 
-0.073859 -0.229185 
-0.073939 -0.229169 
-0.0740189 -0.229681 
-0.0740988 -0.229665 
-0.0741788 -0.230178 
-0.0742587 -0.230161 
-0.0743386 -0.230674 
-0.0744186 -0.230657 
-0.0744985 -0.23117 
-0.0745784 -0.231153 
-0.0746584 -0.231666 
-0.0747383 -0.23165 
-0.0748182 -0.232162 
-0.0748982 -0.232146 
-0.0749781 -0.232658 
-0.075058 -0.232642 
-0.075138 -0.233154 
-0.0752179 -0.233138 
-0.0752978 -0.23365 
-0.0753778 -0.233634 
-0.0754577 -0.234146 
-0.0755376 -0.23413 
-0.0756176 -0.234643 
-0.0756975 -0.234626 
-0.0757774 -0.235139 
-0.0758574 -0.235122 
-0.0759373 -0.235635 
-0.0760172 -0.235619 
-0.0760972 -0.236131 
-0.0761771 -0.236115 
-0.076257 -0.236627 
-0.076337 -0.236611 
-0.0764169 -0.237123 
-0.0764968 -0.237107 
-0.0765768 -0.237619 
-0.0766567 -0.237603 
-0.0767366 -0.238115 
-0.0768166 -0.238099 
-0.0768965 -0.238611 
-0.0769764 -0.238595 
-0.0770564 -0.239108 
-0.0771363 -0.239091 
-0.0772162 -0.239604 
-0.0772962 -0.239587 
-0.0773761 -0.2401 
-0.077456 -0.240084 
-0.077536 -0.240596 
-0.0776159 -0.24058 
-0.0776959 -0.241092 
-0.0777758 -0.241076 
-0.0778557 -0.241588 
-0.0779357 -0.241572 
-0.0780156 -0.242084 
-0.0780955 -0.242068 
-0.0781755 -0.24258 
-0.0782554 -0.242564 
-0.0783353 -0.243077 
-0.0784153 -0.24306 
-0.0784952 -0.243573 
-0.0785751 -0.243556 
-0.0786551 -0.244069 
-0.078735 -0.244053 
-0.0788149 -0.244565 
-0.0788949 -0.244549 
-0.0789748 -0.245061 
-0.0790547 -0.245045 
-0.0791347 -0.245557 
-0.0792146 -0.245541 
-0.0792945 -0.246053 
-0.0793745 -0.246037 
-0.0794544 -0.246549 
-0.0795343 -0.246533 
-0.0796143 -0.247045 
-0.0796942 -0.247029 
-0.0797741 -0.247542 
-0.0798541 -0.247525 
